# count
146
# w,cx,cy,cz,theta,phi
 0.000599631368862009179847294415566238967585377395153045654297, 1.000000000000000000000000000000000000000000000000000000000000, 0.000000000000000000000000000000000000000000000000000000000000, 0.000000000000000000000000000000000000000000000000000000000000, 1.570796326794896557998981734272092580795288085937500000000000, 0.000000000000000000000000000000000000000000000000000000000000
 0.000599631368862009179847294415566238967585377395153045654297,-1.000000000000000000000000000000000000000000000000000000000000, 0.000000000000000000000000000000000000000000000000000000000000, 0.000000000000000000000000000000000000000000000000000000000000, 1.570796326794896557998981734272092580795288085937500000000000, 3.141592653589793115997963468544185161590576171875000000000000
 0.000599631368862009179847294415566238967585377395153045654297, 0.000000000000000000000000000000000000000000000000000000000000, 1.000000000000000000000000000000000000000000000000000000000000, 0.000000000000000000000000000000000000000000000000000000000000, 1.570796326794896557998981734272092580795288085937500000000000, 1.570796326794896557998981734272092580795288085937500000000000
 0.000599631368862009179847294415566238967585377395153045654297, 0.000000000000000000000000000000000000000000000000000000000000,-1.000000000000000000000000000000000000000000000000000000000000, 0.000000000000000000000000000000000000000000000000000000000000, 1.570796326794896557998981734272092580795288085937500000000000, 4.712388980384689673996945202816277742385864257812500000000000
 0.000599631368862009179847294415566238967585377395153045654297, 0.000000000000000000000000000000000000000000000000000000000000, 0.000000000000000000000000000000000000000000000000000000000000, 1.000000000000000000000000000000000000000000000000000000000000, 0.000000000000000000000000000000000000000000000000000000000000, 0.000000000000000000000000000000000000000000000000000000000000
 0.000599631368862009179847294415566238967585377395153045654297, 0.000000000000000000000000000000000000000000000000000000000000, 0.000000000000000000000000000000000000000000000000000000000000,-1.000000000000000000000000000000000000000000000000000000000000, 3.141592653589793115997963468544185161590576171875000000000000, 0.000000000000000000000000000000000000000000000000000000000000
 0.007372999718621113876548811560951435239985585212707519531250, 0.000000000000000000000000000000000000000000000000000000000000, 0.707106781186547461715008466853760182857513427734375000000000, 0.707106781186547461715008466853760182857513427734375000000000, 0.785398163397448278999490867136046290397644042968750000000000, 1.570796326794896557998981734272092580795288085937500000000000
 0.007372999718621113876548811560951435239985585212707519531250, 0.000000000000000000000000000000000000000000000000000000000000, 0.707106781186547461715008466853760182857513427734375000000000,-0.707106781186547461715008466853760182857513427734375000000000, 2.356194490192344836998472601408138871192932128906250000000000, 1.570796326794896557998981734272092580795288085937500000000000
 0.007372999718621113876548811560951435239985585212707519531250, 0.000000000000000000000000000000000000000000000000000000000000,-0.707106781186547461715008466853760182857513427734375000000000, 0.707106781186547461715008466853760182857513427734375000000000, 0.785398163397448278999490867136046290397644042968750000000000, 4.712388980384689673996945202816277742385864257812500000000000
 0.007372999718621113876548811560951435239985585212707519531250, 0.000000000000000000000000000000000000000000000000000000000000,-0.707106781186547461715008466853760182857513427734375000000000,-0.707106781186547461715008466853760182857513427734375000000000, 2.356194490192344836998472601408138871192932128906250000000000, 4.712388980384689673996945202816277742385864257812500000000000
 0.007372999718621113876548811560951435239985585212707519531250, 0.707106781186547461715008466853760182857513427734375000000000, 0.000000000000000000000000000000000000000000000000000000000000, 0.707106781186547461715008466853760182857513427734375000000000, 0.785398163397448278999490867136046290397644042968750000000000, 0.000000000000000000000000000000000000000000000000000000000000
 0.007372999718621113876548811560951435239985585212707519531250, 0.707106781186547461715008466853760182857513427734375000000000, 0.000000000000000000000000000000000000000000000000000000000000,-0.707106781186547461715008466853760182857513427734375000000000, 2.356194490192344836998472601408138871192932128906250000000000, 0.000000000000000000000000000000000000000000000000000000000000
 0.007372999718621113876548811560951435239985585212707519531250,-0.707106781186547461715008466853760182857513427734375000000000, 0.000000000000000000000000000000000000000000000000000000000000, 0.707106781186547461715008466853760182857513427734375000000000, 0.785398163397448278999490867136046290397644042968750000000000, 3.141592653589793115997963468544185161590576171875000000000000
 0.007372999718621113876548811560951435239985585212707519531250,-0.707106781186547461715008466853760182857513427734375000000000, 0.000000000000000000000000000000000000000000000000000000000000,-0.707106781186547461715008466853760182857513427734375000000000, 2.356194490192344836998472601408138871192932128906250000000000, 3.141592653589793115997963468544185161590576171875000000000000
 0.007372999718621113876548811560951435239985585212707519531250, 0.707106781186547461715008466853760182857513427734375000000000, 0.707106781186547461715008466853760182857513427734375000000000, 0.000000000000000000000000000000000000000000000000000000000000, 1.570796326794896557998981734272092580795288085937500000000000, 0.785398163397448278999490867136046290397644042968750000000000
 0.007372999718621113876548811560951435239985585212707519531250, 0.707106781186547461715008466853760182857513427734375000000000,-0.707106781186547461715008466853760182857513427734375000000000, 0.000000000000000000000000000000000000000000000000000000000000, 1.570796326794896557998981734272092580795288085937500000000000, 5.497787143782137952996436069952324032783508300781250000000000
 0.007372999718621113876548811560951435239985585212707519531250,-0.707106781186547461715008466853760182857513427734375000000000, 0.707106781186547461715008466853760182857513427734375000000000, 0.000000000000000000000000000000000000000000000000000000000000, 1.570796326794896557998981734272092580795288085937500000000000, 2.356194490192344836998472601408138871192932128906250000000000
 0.007372999718621113876548811560951435239985585212707519531250,-0.707106781186547461715008466853760182857513427734375000000000,-0.707106781186547461715008466853760182857513427734375000000000, 0.000000000000000000000000000000000000000000000000000000000000, 1.570796326794896557998981734272092580795288085937500000000000, 3.926990816987241394997454335680231451988220214843750000000000
 0.007210515360144111388085441660678043263033032417297363281250, 0.577350269189625731058868041145615279674530029296875000000000, 0.577350269189625731058868041145615279674530029296875000000000, 0.577350269189625731058868041145615279674530029296875000000000, 0.955316618124509298048963046312564983963966369628906250000000, 0.785398163397448278999490867136046290397644042968750000000000
 0.007210515360144111388085441660678043263033032417297363281250, 0.577350269189625731058868041145615279674530029296875000000000, 0.577350269189625731058868041145615279674530029296875000000000,-0.577350269189625731058868041145615279674530029296875000000000, 2.186276035465283928971302884747274219989776611328125000000000, 0.785398163397448278999490867136046290397644042968750000000000
 0.007210515360144111388085441660678043263033032417297363281250, 0.577350269189625731058868041145615279674530029296875000000000,-0.577350269189625731058868041145615279674530029296875000000000, 0.577350269189625731058868041145615279674530029296875000000000, 0.955316618124509298048963046312564983963966369628906250000000, 5.497787143782137952996436069952324032783508300781250000000000
 0.007210515360144111388085441660678043263033032417297363281250, 0.577350269189625731058868041145615279674530029296875000000000,-0.577350269189625731058868041145615279674530029296875000000000,-0.577350269189625731058868041145615279674530029296875000000000, 2.186276035465283928971302884747274219989776611328125000000000, 5.497787143782137952996436069952324032783508300781250000000000
 0.007210515360144111388085441660678043263033032417297363281250,-0.577350269189625731058868041145615279674530029296875000000000, 0.577350269189625731058868041145615279674530029296875000000000, 0.577350269189625731058868041145615279674530029296875000000000, 0.955316618124509298048963046312564983963966369628906250000000, 2.356194490192344836998472601408138871192932128906250000000000
 0.007210515360144111388085441660678043263033032417297363281250,-0.577350269189625731058868041145615279674530029296875000000000, 0.577350269189625731058868041145615279674530029296875000000000,-0.577350269189625731058868041145615279674530029296875000000000, 2.186276035465283928971302884747274219989776611328125000000000, 2.356194490192344836998472601408138871192932128906250000000000
 0.007210515360144111388085441660678043263033032417297363281250,-0.577350269189625731058868041145615279674530029296875000000000,-0.577350269189625731058868041145615279674530029296875000000000, 0.577350269189625731058868041145615279674530029296875000000000, 0.955316618124509298048963046312564983963966369628906250000000, 3.926990816987241394997454335680231451988220214843750000000000
 0.007210515360144111388085441660678043263033032417297363281250,-0.577350269189625731058868041145615279674530029296875000000000,-0.577350269189625731058868041145615279674530029296875000000000,-0.577350269189625731058868041145615279674530029296875000000000, 2.186276035465283928971302884747274219989776611328125000000000, 3.926990816987241394997454335680231451988220214843750000000000
 0.007116355493118110137062970466104161459952592849731445312500, 0.676441040011426242273273601313121616840362548828125000000000, 0.676441040011426242273273601313121616840362548828125000000000, 0.291298882209526821540634955454152077436447143554687500000000, 1.275212003529765159015596509561873972415924072265625000000000, 0.785398163397448278999490867136046290397644042968750000000000
 0.007116355493118110137062970466104161459952592849731445312500, 0.676441040011426242273273601313121616840362548828125000000000, 0.676441040011426242273273601313121616840362548828125000000000,-0.291298882209526821540634955454152077436447143554687500000000, 1.866380650060028179026971884013619273900985717773437500000000, 0.785398163397448278999490867136046290397644042968750000000000
 0.007116355493118110137062970466104161459952592849731445312500, 0.676441040011426242273273601313121616840362548828125000000000,-0.676441040011426242273273601313121616840362548828125000000000, 0.291298882209526821540634955454152077436447143554687500000000, 1.275212003529765159015596509561873972415924072265625000000000, 5.497787143782137952996436069952324032783508300781250000000000
 0.007116355493118110137062970466104161459952592849731445312500, 0.676441040011426242273273601313121616840362548828125000000000,-0.676441040011426242273273601313121616840362548828125000000000,-0.291298882209526821540634955454152077436447143554687500000000, 1.866380650060028179026971884013619273900985717773437500000000, 5.497787143782137952996436069952324032783508300781250000000000
 0.007116355493118110137062970466104161459952592849731445312500,-0.676441040011426242273273601313121616840362548828125000000000, 0.676441040011426242273273601313121616840362548828125000000000, 0.291298882209526821540634955454152077436447143554687500000000, 1.275212003529765159015596509561873972415924072265625000000000, 2.356194490192344836998472601408138871192932128906250000000000
 0.007116355493118110137062970466104161459952592849731445312500,-0.676441040011426242273273601313121616840362548828125000000000, 0.676441040011426242273273601313121616840362548828125000000000,-0.291298882209526821540634955454152077436447143554687500000000, 1.866380650060028179026971884013619273900985717773437500000000, 2.356194490192344836998472601408138871192932128906250000000000
 0.007116355493118110137062970466104161459952592849731445312500,-0.676441040011426242273273601313121616840362548828125000000000,-0.676441040011426242273273601313121616840362548828125000000000, 0.291298882209526821540634955454152077436447143554687500000000, 1.275212003529765159015596509561873972415924072265625000000000, 3.926990816987241394997454335680231451988220214843750000000000
 0.007116355493118110137062970466104161459952592849731445312500,-0.676441040011426242273273601313121616840362548828125000000000,-0.676441040011426242273273601313121616840362548828125000000000,-0.291298882209526821540634955454152077436447143554687500000000, 1.866380650060028179026971884013619273900985717773437500000000, 3.926990816987241394997454335680231451988220214843750000000000
 0.007116355493118110137062970466104161459952592849731445312500, 0.676441040011426353295576063828775659203529357910156250000000, 0.291298882209526821540634955454152077436447143554687500000000, 0.676441040011426242273273601313121616840362548828125000000000, 0.827876764165176748377916737808845937252044677734375000000000, 0.406633464578709913350706983692361973226070404052734375000000
 0.007116355493118110137062970466104161459952592849731445312500, 0.676441040011426353295576063828775659203529357910156250000000,-0.291298882209526821540634955454152077436447143554687500000000, 0.676441040011426242273273601313121616840362548828125000000000, 0.827876764165176748377916737808845937252044677734375000000000, 5.876551842600876263134068722138181328773498535156250000000000
 0.007116355493118110137062970466104161459952592849731445312500, 0.676441040011426353295576063828775659203529357910156250000000, 0.291298882209526821540634955454152077436447143554687500000000,-0.676441040011426242273273601313121616840362548828125000000000, 2.313715889424616367620046730735339224338531494140625000000000, 0.406633464578709913350706983692361973226070404052734375000000
 0.007116355493118110137062970466104161459952592849731445312500, 0.676441040011426353295576063828775659203529357910156250000000,-0.291298882209526821540634955454152077436447143554687500000000,-0.676441040011426242273273601313121616840362548828125000000000, 2.313715889424616367620046730735339224338531494140625000000000, 5.876551842600876263134068722138181328773498535156250000000000
 0.007116355493118110137062970466104161459952592849731445312500,-0.676441040011426464317878526344429701566696166992187500000000, 0.291298882209526377451425105391535907983779907226562500000000, 0.676441040011426242273273601313121616840362548828125000000000, 0.827876764165176748377916737808845937252044677734375000000000, 2.734959189011084035314524953719228506088256835937500000000000
 0.007116355493118110137062970466104161459952592849731445312500,-0.676441040011426464317878526344429701566696166992187500000000,-0.291298882209526377451425105391535907983779907226562500000000, 0.676441040011426242273273601313121616840362548828125000000000, 0.827876764165176748377916737808845937252044677734375000000000, 3.548226118168502196681401983369141817092895507812500000000000
 0.007116355493118110137062970466104161459952592849731445312500,-0.676441040011426464317878526344429701566696166992187500000000, 0.291298882209526377451425105391535907983779907226562500000000,-0.676441040011426242273273601313121616840362548828125000000000, 2.313715889424616367620046730735339224338531494140625000000000, 2.734959189011084035314524953719228506088256835937500000000000
 0.007116355493118110137062970466104161459952592849731445312500,-0.676441040011426464317878526344429701566696166992187500000000,-0.291298882209526377451425105391535907983779907226562500000000,-0.676441040011426242273273601313121616840362548828125000000000, 2.313715889424616367620046730735339224338531494140625000000000, 3.548226118168502196681401983369141817092895507812500000000000
 0.007116355493118110137062970466104161459952592849731445312500, 0.291298882209526821540634955454152077436447143554687500000000, 0.676441040011426353295576063828775659203529357910156250000000, 0.676441040011426242273273601313121616840362548828125000000000, 0.827876764165176748377916737808845937252044677734375000000000, 1.164162862216186811181728444353211671113967895507812500000000
 0.007116355493118110137062970466104161459952592849731445312500,-0.291298882209526877051786186711979098618030548095703125000000, 0.676441040011426353295576063828775659203529357910156250000000, 0.676441040011426242273273601313121616840362548828125000000000, 0.827876764165176748377916737808845937252044677734375000000000, 1.977429791373606526860839949222281575202941894531250000000000
 0.007116355493118110137062970466104161459952592849731445312500, 0.291298882209526821540634955454152077436447143554687500000000, 0.676441040011426353295576063828775659203529357910156250000000,-0.676441040011426242273273601313121616840362548828125000000000, 2.313715889424616367620046730735339224338531494140625000000000, 1.164162862216186811181728444353211671113967895507812500000000
 0.007116355493118110137062970466104161459952592849731445312500,-0.291298882209526877051786186711979098618030548095703125000000, 0.676441040011426353295576063828775659203529357910156250000000,-0.676441040011426242273273601313121616840362548828125000000000, 2.313715889424616367620046730735339224338531494140625000000000, 1.977429791373606526860839949222281575202941894531250000000000
 0.007116355493118110137062970466104161459952592849731445312500, 0.291298882209526821540634955454152077436447143554687500000000,-0.676441040011426353295576063828775659203529357910156250000000, 0.676441040011426242273273601313121616840362548828125000000000, 0.827876764165176748377916737808845937252044677734375000000000, 5.119022444963399642858803417766466736793518066406250000000000
 0.007116355493118110137062970466104161459952592849731445312500,-0.291298882209526877051786186711979098618030548095703125000000,-0.676441040011426353295576063828775659203529357910156250000000, 0.676441040011426242273273601313121616840362548828125000000000, 0.827876764165176748377916737808845937252044677734375000000000, 4.305755515805979705135086987866088747978210449218750000000000
 0.007116355493118110137062970466104161459952592849731445312500, 0.291298882209526821540634955454152077436447143554687500000000,-0.676441040011426353295576063828775659203529357910156250000000,-0.676441040011426242273273601313121616840362548828125000000000, 2.313715889424616367620046730735339224338531494140625000000000, 5.119022444963399642858803417766466736793518066406250000000000
 0.007116355493118110137062970466104161459952592849731445312500,-0.291298882209526877051786186711979098618030548095703125000000,-0.676441040011426353295576063828775659203529357910156250000000,-0.676441040011426242273273601313121616840362548828125000000000, 2.313715889424616367620046730735339224338531494140625000000000, 4.305755515805979705135086987866088747978210449218750000000000
 0.006753829486314103826283261611251873546279966831207275390625, 0.417496122796545299227233272176817990839481353759765625000000, 0.417496122796545299227233272176817990839481353759765625000000, 0.807089818359582489293302387522999197244644165039062500000000, 0.631589879401498022204464177775662392377853393554687500000000, 0.785398163397448278999490867136046290397644042968750000000000
 0.006753829486314103826283261611251873546279966831207275390625, 0.417496122796545188204930809661163948476314544677734375000000, 0.417496122796545188204930809661163948476314544677734375000000,-0.807089818359582600315604850038653239607810974121093750000000, 2.510002774188295315838104215799830853939056396484375000000000, 0.785398163397448278999490867136046290397644042968750000000000
 0.006753829486314103826283261611251873546279966831207275390625, 0.417496122796545299227233272176817990839481353759765625000000,-0.417496122796545299227233272176817990839481353759765625000000, 0.807089818359582489293302387522999197244644165039062500000000, 0.631589879401498022204464177775662392377853393554687500000000, 5.497787143782137952996436069952324032783508300781250000000000
 0.006753829486314103826283261611251873546279966831207275390625, 0.417496122796545188204930809661163948476314544677734375000000,-0.417496122796545188204930809661163948476314544677734375000000,-0.807089818359582600315604850038653239607810974121093750000000, 2.510002774188295315838104215799830853939056396484375000000000, 5.497787143782137952996436069952324032783508300781250000000000
 0.006753829486314103826283261611251873546279966831207275390625,-0.417496122796545299227233272176817990839481353759765625000000, 0.417496122796545299227233272176817990839481353759765625000000, 0.807089818359582489293302387522999197244644165039062500000000, 0.631589879401498022204464177775662392377853393554687500000000, 2.356194490192344836998472601408138871192932128906250000000000
 0.006753829486314103826283261611251873546279966831207275390625,-0.417496122796545188204930809661163948476314544677734375000000, 0.417496122796545188204930809661163948476314544677734375000000,-0.807089818359582600315604850038653239607810974121093750000000, 2.510002774188295315838104215799830853939056396484375000000000, 2.356194490192344836998472601408138871192932128906250000000000
 0.006753829486314103826283261611251873546279966831207275390625,-0.417496122796545299227233272176817990839481353759765625000000,-0.417496122796545299227233272176817990839481353759765625000000, 0.807089818359582489293302387522999197244644165039062500000000, 0.631589879401498022204464177775662392377853393554687500000000, 3.926990816987241394997454335680231451988220214843750000000000
 0.006753829486314103826283261611251873546279966831207275390625,-0.417496122796545188204930809661163948476314544677734375000000,-0.417496122796545188204930809661163948476314544677734375000000,-0.807089818359582600315604850038653239607810974121093750000000, 2.510002774188295315838104215799830853939056396484375000000000, 3.926990816987241394997454335680231451988220214843750000000000
 0.006753829486314103826283261611251873546279966831207275390625, 0.417496122796545188204930809661163948476314544677734375000000, 0.807089818359582600315604850038653239607810974121093750000000, 0.417496122796545299227233272176817990839481353759765625000000, 1.140108271062836742260060418630018830299377441406250000000000, 1.093415880241888293866736603376921266317367553710937500000000
 0.006753829486314103826283261611251873546279966831207275390625, 0.417496122796545188204930809661163948476314544677734375000000,-0.807089818359582600315604850038653239607810974121093750000000, 0.417496122796545299227233272176817990839481353759765625000000, 1.140108271062836742260060418630018830299377441406250000000000, 5.189769426937697716084585408680140972137451171875000000000000
 0.006753829486314103826283261611251873546279966831207275390625, 0.417496122796545188204930809661163948476314544677734375000000, 0.807089818359582600315604850038653239607810974121093750000000,-0.417496122796545299227233272176817990839481353759765625000000, 2.001484382526956373737903049914166331291198730468750000000000, 1.093415880241888293866736603376921266317367553710937500000000
 0.006753829486314103826283261611251873546279966831207275390625, 0.417496122796545188204930809661163948476314544677734375000000,-0.807089818359582600315604850038653239607810974121093750000000,-0.417496122796545299227233272176817990839481353759765625000000, 2.001484382526956373737903049914166331291198730468750000000000, 5.189769426937697716084585408680140972137451171875000000000000
 0.006753829486314103826283261611251873546279966831207275390625,-0.417496122796545410249535734692472033202648162841796875000000, 0.807089818359582489293302387522999197244644165039062500000000, 0.417496122796545299227233272176817990839481353759765625000000, 1.140108271062836742260060418630018830299377441406250000000000, 2.048176773347905044175831790198571979999542236328125000000000
 0.006753829486314103826283261611251873546279966831207275390625,-0.417496122796545410249535734692472033202648162841796875000000,-0.807089818359582489293302387522999197244644165039062500000000, 0.417496122796545299227233272176817990839481353759765625000000, 1.140108271062836742260060418630018830299377441406250000000000, 4.235008533831681631909304996952414512634277343750000000000000
 0.006753829486314103826283261611251873546279966831207275390625,-0.417496122796545410249535734692472033202648162841796875000000, 0.807089818359582489293302387522999197244644165039062500000000,-0.417496122796545299227233272176817990839481353759765625000000, 2.001484382526956373737903049914166331291198730468750000000000, 2.048176773347905044175831790198571979999542236328125000000000
 0.006753829486314103826283261611251873546279966831207275390625,-0.417496122796545410249535734692472033202648162841796875000000,-0.807089818359582489293302387522999197244644165039062500000000,-0.417496122796545299227233272176817990839481353759765625000000, 2.001484382526956373737903049914166331291198730468750000000000, 4.235008533831681631909304996952414512634277343750000000000000
 0.006753829486314103826283261611251873546279966831207275390625, 0.807089818359582600315604850038653239607810974121093750000000, 0.417496122796545188204930809661163948476314544677734375000000, 0.417496122796545299227233272176817990839481353759765625000000, 1.140108271062836742260060418630018830299377441406250000000000, 0.477380446553008319643396362152998335659503936767578125000000
 0.006753829486314103826283261611251873546279966831207275390625,-0.807089818359582489293302387522999197244644165039062500000000, 0.417496122796545410249535734692472033202648162841796875000000, 0.417496122796545299227233272176817990839481353759765625000000, 1.140108271062836742260060418630018830299377441406250000000000, 2.664212207036784629821113412617705762386322021484375000000000
 0.006753829486314103826283261611251873546279966831207275390625, 0.807089818359582600315604850038653239607810974121093750000000, 0.417496122796545188204930809661163948476314544677734375000000,-0.417496122796545299227233272176817990839481353759765625000000, 2.001484382526956373737903049914166331291198730468750000000000, 0.477380446553008319643396362152998335659503936767578125000000
 0.006753829486314103826283261611251873546279966831207275390625,-0.807089818359582489293302387522999197244644165039062500000000, 0.417496122796545410249535734692472033202648162841796875000000,-0.417496122796545299227233272176817990839481353759765625000000, 2.001484382526956373737903049914166331291198730468750000000000, 2.664212207036784629821113412617705762386322021484375000000000
 0.006753829486314103826283261611251873546279966831207275390625, 0.807089818359582600315604850038653239607810974121093750000000,-0.417496122796545188204930809661163948476314544677734375000000, 0.417496122796545299227233272176817990839481353759765625000000, 1.140108271062836742260060418630018830299377441406250000000000, 5.805804860626578189908286731224507093429565429687500000000000
 0.006753829486314103826283261611251873546279966831207275390625,-0.807089818359582489293302387522999197244644165039062500000000,-0.417496122796545410249535734692472033202648162841796875000000, 0.417496122796545299227233272176817990839481353759765625000000, 1.140108271062836742260060418630018830299377441406250000000000, 3.618973100142801602174813524470664560794830322265625000000000
 0.006753829486314103826283261611251873546279966831207275390625, 0.807089818359582600315604850038653239607810974121093750000000,-0.417496122796545188204930809661163948476314544677734375000000,-0.417496122796545299227233272176817990839481353759765625000000, 2.001484382526956373737903049914166331291198730468750000000000, 5.805804860626578189908286731224507093429565429687500000000000
 0.006753829486314103826283261611251873546279966831207275390625,-0.807089818359582489293302387522999197244644165039062500000000,-0.417496122796545410249535734692472033202648162841796875000000,-0.417496122796545299227233272176817990839481353759765625000000, 2.001484382526956373737903049914166331291198730468750000000000, 3.618973100142801602174813524470664560794830322265625000000000
 0.007574394159054117017793039678963395999744534492492675781250, 0.157467667203908312512083966794307343661785125732421875000000, 0.157467667203908312512083966794307343661785125732421875000000, 0.974888643677173205581709680700441822409629821777343750000000, 0.224575878146975965732323743395681958645582199096679687500000, 0.785398163397448278999490867136046290397644042968750000000000
 0.007574394159054117017793039678963395999744534492492675781250, 0.157467667203908201489781504278653301298618316650390625000000, 0.157467667203908201489781504278653301298618316650390625000000,-0.974888643677173205581709680700441822409629821777343750000000, 2.917016775442817344554669034550897777080535888671875000000000, 0.785398163397448278999490867136046290397644042968750000000000
 0.007574394159054117017793039678963395999744534492492675781250, 0.157467667203908312512083966794307343661785125732421875000000,-0.157467667203908312512083966794307343661785125732421875000000, 0.974888643677173205581709680700441822409629821777343750000000, 0.224575878146975965732323743395681958645582199096679687500000, 5.497787143782137952996436069952324032783508300781250000000000
 0.007574394159054117017793039678963395999744534492492675781250, 0.157467667203908201489781504278653301298618316650390625000000,-0.157467667203908201489781504278653301298618316650390625000000,-0.974888643677173205581709680700441822409629821777343750000000, 2.917016775442817344554669034550897777080535888671875000000000, 5.497787143782137952996436069952324032783508300781250000000000
 0.007574394159054117017793039678963395999744534492492675781250,-0.157467667203908312512083966794307343661785125732421875000000, 0.157467667203908312512083966794307343661785125732421875000000, 0.974888643677173205581709680700441822409629821777343750000000, 0.224575878146975965732323743395681958645582199096679687500000, 2.356194490192344836998472601408138871192932128906250000000000
 0.007574394159054117017793039678963395999744534492492675781250,-0.157467667203908201489781504278653301298618316650390625000000, 0.157467667203908201489781504278653301298618316650390625000000,-0.974888643677173205581709680700441822409629821777343750000000, 2.917016775442817344554669034550897777080535888671875000000000, 2.356194490192344836998472601408138871192932128906250000000000
 0.007574394159054117017793039678963395999744534492492675781250,-0.157467667203908312512083966794307343661785125732421875000000,-0.157467667203908312512083966794307343661785125732421875000000, 0.974888643677173205581709680700441822409629821777343750000000, 0.224575878146975965732323743395681958645582199096679687500000, 3.926990816987241394997454335680231451988220214843750000000000
 0.007574394159054117017793039678963395999744534492492675781250,-0.157467667203908201489781504278653301298618316650390625000000,-0.157467667203908201489781504278653301298618316650390625000000,-0.974888643677173205581709680700441822409629821777343750000000, 2.917016775442817344554669034550897777080535888671875000000000, 3.926990816987241394997454335680231451988220214843750000000000
 0.007574394159054117017793039678963395999744534492492675781250, 0.157467667203908090467479041762999258935451507568359375000000, 0.974888643677173205581709680700441822409629821777343750000000, 0.157467667203908201489781504278653301298618316650390625000000, 1.412670526092656198002828205062542110681533813476562500000000, 1.410655705468971232718899955216329544782638549804687500000000
 0.007574394159054117017793039678963395999744534492492675781250, 0.157467667203908090467479041762999258935451507568359375000000,-0.974888643677173205581709680700441822409629821777343750000000, 0.157467667203908201489781504278653301298618316650390625000000, 1.412670526092656198002828205062542110681533813476562500000000, 4.872529601710614777232422056840732693672180175781250000000000
 0.007574394159054117017793039678963395999744534492492675781250, 0.157467667203908090467479041762999258935451507568359375000000, 0.974888643677173205581709680700441822409629821777343750000000,-0.157467667203908201489781504278653301298618316650390625000000, 1.728922127497136917995135263481643050909042358398437500000000, 1.410655705468971232718899955216329544782638549804687500000000
 0.007574394159054117017793039678963395999744534492492675781250, 0.157467667203908090467479041762999258935451507568359375000000,-0.974888643677173205581709680700441822409629821777343750000000,-0.157467667203908201489781504278653301298618316650390625000000, 1.728922127497136917995135263481643050909042358398437500000000, 4.872529601710614777232422056840732693672180175781250000000000
 0.007574394159054117017793039678963395999744534492492675781250,-0.157467667203908312512083966794307343661785125732421875000000, 0.974888643677173205581709680700441822409629821777343750000000, 0.157467667203908201489781504278653301298618316650390625000000, 1.412670526092656198002828205062542110681533813476562500000000, 1.730936948120822105323668438359163701534271240234375000000000
 0.007574394159054117017793039678963395999744534492492675781250,-0.157467667203908312512083966794307343661785125732421875000000,-0.974888643677173205581709680700441822409629821777343750000000, 0.157467667203908201489781504278653301298618316650390625000000, 1.412670526092656198002828205062542110681533813476562500000000, 4.552248359058763682583048648666590452194213867187500000000000
 0.007574394159054117017793039678963395999744534492492675781250,-0.157467667203908312512083966794307343661785125732421875000000, 0.974888643677173205581709680700441822409629821777343750000000,-0.157467667203908201489781504278653301298618316650390625000000, 1.728922127497136917995135263481643050909042358398437500000000, 1.730936948120822105323668438359163701534271240234375000000000
 0.007574394159054117017793039678963395999744534492492675781250,-0.157467667203908312512083966794307343661785125732421875000000,-0.974888643677173205581709680700441822409629821777343750000000,-0.157467667203908201489781504278653301298618316650390625000000, 1.728922127497136917995135263481643050909042358398437500000000, 4.552248359058763682583048648666590452194213867187500000000000
 0.007574394159054117017793039678963395999744534492492675781250, 0.974888643677173205581709680700441822409629821777343750000000, 0.157467667203908090467479041762999258935451507568359375000000, 0.157467667203908201489781504278653301298618316650390625000000, 1.412670526092656198002828205062542110681533813476562500000000, 0.160140621325925297524506163426849525421857833862304687500000
 0.007574394159054117017793039678963395999744534492492675781250,-0.974888643677173205581709680700441822409629821777343750000000, 0.157467667203907812911722885473864153027534484863281250000000, 0.157467667203908201489781504278653301298618316650390625000000, 1.412670526092656198002828205062542110681533813476562500000000, 2.981452032263868012762486614519730210304260253906250000000000
 0.007574394159054117017793039678963395999744534492492675781250, 0.974888643677173205581709680700441822409629821777343750000000, 0.157467667203908090467479041762999258935451507568359375000000,-0.157467667203908201489781504278653301298618316650390625000000, 1.728922127497136917995135263481643050909042358398437500000000, 0.160140621325925297524506163426849525421857833862304687500000
 0.007574394159054117017793039678963395999744534492492675781250,-0.974888643677173205581709680700441822409629821777343750000000, 0.157467667203907812911722885473864153027534484863281250000000,-0.157467667203908201489781504278653301298618316650390625000000, 1.728922127497136917995135263481643050909042358398437500000000, 2.981452032263868012762486614519730210304260253906250000000000
 0.007574394159054117017793039678963395999744534492492675781250, 0.974888643677173205581709680700441822409629821777343750000000,-0.157467667203908090467479041762999258935451507568359375000000, 0.157467667203908201489781504278653301298618316650390625000000, 1.412670526092656198002828205062542110681533813476562500000000, 6.123044685853661128760450083063915371894836425781250000000000
 0.007574394159054117017793039678963395999744534492492675781250,-0.974888643677173205581709680700441822409629821777343750000000,-0.157467667203907812911722885473864153027534484863281250000000, 0.157467667203908201489781504278653301298618316650390625000000, 1.412670526092656198002828205062542110681533813476562500000000, 3.301733274915718219233440322568640112876892089843750000000000
 0.007574394159054117017793039678963395999744534492492675781250, 0.974888643677173205581709680700441822409629821777343750000000,-0.157467667203908090467479041762999258935451507568359375000000,-0.157467667203908201489781504278653301298618316650390625000000, 1.728922127497136917995135263481643050909042358398437500000000, 6.123044685853661128760450083063915371894836425781250000000000
 0.007574394159054117017793039678963395999744534492492675781250,-0.974888643677173205581709680700441822409629821777343750000000,-0.157467667203907812911722885473864153027534484863281250000000,-0.157467667203908201489781504278653301298618316650390625000000, 1.728922127497136917995135263481643050909042358398437500000000, 3.301733274915718219233440322568640112876892089843750000000000
 0.006991087353303107251867309912540804361924529075622558593750, 0.140355381171318294164507278765086084604263305664062500000000, 0.449332832326955589063999241261626593768596649169921875000000, 0.882270011260322672974609758966835215687751770019531250000000, 0.490133523221418454518527596519561484456062316894531250000000, 1.268035403448265485693013943091500550508499145507812500000000
 0.006991087353303107251867309912540804361924529075622558593750, 0.140355381171318210897780431878345552831888198852539062500000, 0.449332832326955311508243084972491487860679626464843750000000,-0.882270011260322895019214683998143300414085388183593750000000, 2.651459130368375216590948184602893888950347900390625000000000, 1.268035403448265485693013943091500550508499145507812500000000
 0.006991087353303107251867309912540804361924529075622558593750, 0.140355381171318294164507278765086084604263305664062500000000,-0.449332832326955589063999241261626593768596649169921875000000, 0.882270011260322672974609758966835215687751770019531250000000, 0.490133523221418454518527596519561484456062316894531250000000, 5.015149903731320968347517919028177857398986816406250000000000
 0.006991087353303107251867309912540804361924529075622558593750, 0.140355381171318210897780431878345552831888198852539062500000,-0.449332832326955311508243084972491487860679626464843750000000,-0.882270011260322895019214683998143300414085388183593750000000, 2.651459130368375216590948184602893888950347900390625000000000, 5.015149903731320968347517919028177857398986816406250000000000
 0.006991087353303107251867309912540804361924529075622558593750,-0.140355381171318294164507278765086084604263305664062500000000, 0.449332832326955589063999241261626593768596649169921875000000, 0.882270011260322672974609758966835215687751770019531250000000, 0.490133523221418454518527596519561484456062316894531250000000, 1.873557250141527630304949525452684611082077026367187500000000
 0.006991087353303107251867309912540804361924529075622558593750,-0.140355381171318210897780431878345552831888198852539062500000, 0.449332832326955311508243084972491487860679626464843750000000,-0.882270011260322895019214683998143300414085388183593750000000, 2.651459130368375216590948184602893888950347900390625000000000, 1.873557250141527630304949525452684611082077026367187500000000
 0.006991087353303107251867309912540804361924529075622558593750,-0.140355381171318294164507278765086084604263305664062500000000,-0.449332832326955589063999241261626593768596649169921875000000, 0.882270011260322672974609758966835215687751770019531250000000, 0.490133523221418454518527596519561484456062316894531250000000, 4.409628057038058379646372486604377627372741699218750000000000
 0.006991087353303107251867309912540804361924529075622558593750,-0.140355381171318210897780431878345552831888198852539062500000,-0.449332832326955311508243084972491487860679626464843750000000,-0.882270011260322895019214683998143300414085388183593750000000, 2.651459130368375216590948184602893888950347900390625000000000, 4.409628057038058379646372486604377627372741699218750000000000
 0.006991087353303107251867309912540804361924529075622558593750, 0.140355381171318210897780431878345552831888198852539062500000, 0.882270011260322783996912221482489258050918579101562500000000, 0.449332832326955478041696778745972551405429840087890625000000, 1.104777931614293828843642586434725672006607055664062500000000, 1.413033953324896563330526078061666339635848999023437500000000
 0.006991087353303107251867309912540804361924529075622558593750, 0.140355381171318210897780431878345552831888198852539062500000, 0.882270011260322672974609758966835215687751770019531250000000,-0.449332832326955700086301703777280636131763458251953125000000, 2.036814721975499509198925807140767574310302734375000000000000, 1.413033953324896563330526078061666339635848999023437500000000
 0.006991087353303107251867309912540804361924529075622558593750, 0.140355381171318210897780431878345552831888198852539062500000,-0.882270011260322783996912221482489258050918579101562500000000, 0.449332832326955478041696778745972551405429840087890625000000, 1.104777931614293828843642586434725672006607055664062500000000, 4.870151353854689446620795933995395898818969726562500000000000
 0.006991087353303107251867309912540804361924529075622558593750, 0.140355381171318210897780431878345552831888198852539062500000,-0.882270011260322672974609758966835215687751770019531250000000,-0.449332832326955700086301703777280636131763458251953125000000, 2.036814721975499509198925807140767574310302734375000000000000, 4.870151353854689446620795933995395898818969726562500000000000
 0.006991087353303107251867309912540804361924529075622558593750,-0.140355381171318210897780431878345552831888198852539062500000, 0.882270011260322783996912221482489258050918579101562500000000, 0.449332832326955478041696778745972551405429840087890625000000, 1.104777931614293828843642586434725672006607055664062500000000, 1.728558700264896774712042315513826906681060791015625000000000
 0.006991087353303107251867309912540804361924529075622558593750,-0.140355381171318210897780431878345552831888198852539062500000, 0.882270011260322672974609758966835215687751770019531250000000,-0.449332832326955700086301703777280636131763458251953125000000, 2.036814721975499509198925807140767574310302734375000000000000, 1.728558700264896774712042315513826906681060791015625000000000
 0.006991087353303107251867309912540804361924529075622558593750,-0.140355381171318210897780431878345552831888198852539062500000,-0.882270011260322783996912221482489258050918579101562500000000, 0.449332832326955478041696778745972551405429840087890625000000, 1.104777931614293828843642586434725672006607055664062500000000, 4.554626606914689901373094471637159585952758789062500000000000
 0.006991087353303107251867309912540804361924529075622558593750,-0.140355381171318210897780431878345552831888198852539062500000,-0.882270011260322672974609758966835215687751770019531250000000,-0.449332832326955700086301703777280636131763458251953125000000, 2.036814721975499509198925807140767574310302734375000000000000, 4.554626606914689901373094471637159585952758789062500000000000
 0.006991087353303107251867309912540804361924529075622558593750, 0.449332832326955589063999241261626593768596649169921875000000, 0.140355381171318294164507278765086084604263305664062500000000, 0.882270011260322672974609758966835215687751770019531250000000, 0.490133523221418454518527596519561484456062316894531250000000, 0.302760923346631127817119022438419051468372344970703125000000
 0.006991087353303107251867309912540804361924529075622558593750, 0.449332832326955311508243084972491487860679626464843750000000, 0.140355381171318210897780431878345552831888198852539062500000,-0.882270011260322895019214683998143300414085388183593750000000, 2.651459130368375216590948184602893888950347900390625000000000, 0.302760923346631127817119022438419051468372344970703125000000
 0.006991087353303107251867309912540804361924529075622558593750, 0.449332832326955589063999241261626593768596649169921875000000,-0.140355381171318294164507278765086084604263305664062500000000, 0.882270011260322672974609758966835215687751770019531250000000, 0.490133523221418454518527596519561484456062316894531250000000, 5.980424383832954937645354220876470208168029785156250000000000
 0.006991087353303107251867309912540804361924529075622558593750, 0.449332832326955311508243084972491487860679626464843750000000,-0.140355381171318210897780431878345552831888198852539062500000,-0.882270011260322895019214683998143300414085388183593750000000, 2.651459130368375216590948184602893888950347900390625000000000, 5.980424383832954937645354220876470208168029785156250000000000
 0.006991087353303107251867309912540804361924529075622558593750,-0.449332832326955589063999241261626593768596649169921875000000, 0.140355381171318405186809741280740126967430114746093750000000, 0.882270011260322672974609758966835215687751770019531250000000, 0.490133523221418454518527596519561484456062316894531250000000, 2.838831730243161821647390752332285046577453613281250000000000
 0.006991087353303107251867309912540804361924529075622558593750,-0.449332832326955311508243084972491487860679626464843750000000, 0.140355381171318294164507278765086084604263305664062500000000,-0.882270011260322895019214683998143300414085388183593750000000, 2.651459130368375216590948184602893888950347900390625000000000, 2.838831730243161821647390752332285046577453613281250000000000
 0.006991087353303107251867309912540804361924529075622558593750,-0.449332832326955589063999241261626593768596649169921875000000,-0.140355381171318405186809741280740126967430114746093750000000, 0.882270011260322672974609758966835215687751770019531250000000, 0.490133523221418454518527596519561484456062316894531250000000, 3.444353576936424410348536184756085276603698730468750000000000
 0.006991087353303107251867309912540804361924529075622558593750,-0.449332832326955311508243084972491487860679626464843750000000,-0.140355381171318294164507278765086084604263305664062500000000,-0.882270011260322895019214683998143300414085388183593750000000, 2.651459130368375216590948184602893888950347900390625000000000, 3.444353576936424410348536184756085276603698730468750000000000
 0.006991087353303107251867309912540804361924529075622558593750, 0.449332832326955478041696778745972551405429840087890625000000, 0.882270011260322783996912221482489258050918579101562500000000, 0.140355381171318210897780431878345552831888198852539062500000, 1.429975987015921878864332938974257558584213256835937500000000, 1.099742983712621802183662111929152160882949829101562500000000
 0.006991087353303107251867309912540804361924529075622558593750, 0.449332832326955478041696778745972551405429840087890625000000, 0.882270011260322783996912221482489258050918579101562500000000,-0.140355381171318405186809741280740126967430114746093750000000, 1.711616666573871681222840379632543772459030151367187500000000, 1.099742983712621802183662111929152160882949829101562500000000
 0.006991087353303107251867309912540804361924529075622558593750, 0.449332832326955478041696778745972551405429840087890625000000,-0.882270011260322783996912221482489258050918579101562500000000, 0.140355381171318210897780431878345552831888198852539062500000, 1.429975987015921878864332938974257558584213256835937500000000, 5.183442323466964651856869750190526247024536132812500000000000
 0.006991087353303107251867309912540804361924529075622558593750, 0.449332832326955478041696778745972551405429840087890625000000,-0.882270011260322783996912221482489258050918579101562500000000,-0.140355381171318405186809741280740126967430114746093750000000, 1.711616666573871681222840379632543772459030151367187500000000, 5.183442323466964651856869750190526247024536132812500000000000
 0.006991087353303107251867309912540804361924529075622558593750,-0.449332832326955478041696778745972551405429840087890625000000, 0.882270011260322783996912221482489258050918579101562500000000, 0.140355381171318210897780431878345552831888198852539062500000, 1.429975987015921878864332938974257558584213256835937500000000, 2.041849669877171535858906281646341085433959960937500000000000
 0.006991087353303107251867309912540804361924529075622558593750,-0.449332832326955478041696778745972551405429840087890625000000, 0.882270011260322783996912221482489258050918579101562500000000,-0.140355381171318405186809741280740126967430114746093750000000, 1.711616666573871681222840379632543772459030151367187500000000, 2.041849669877171535858906281646341085433959960937500000000000
 0.006991087353303107251867309912540804361924529075622558593750,-0.449332832326955478041696778745972551405429840087890625000000,-0.882270011260322783996912221482489258050918579101562500000000, 0.140355381171318210897780431878345552831888198852539062500000, 1.429975987015921878864332938974257558584213256835937500000000, 4.241335637302414696137020655442029237747192382812500000000000
 0.006991087353303107251867309912540804361924529075622558593750,-0.449332832326955478041696778745972551405429840087890625000000,-0.882270011260322783996912221482489258050918579101562500000000,-0.140355381171318405186809741280740126967430114746093750000000, 1.711616666573871681222840379632543772459030151367187500000000, 4.241335637302414696137020655442029237747192382812500000000000
 0.006991087353303107251867309912540804361924529075622558593750, 0.882270011260322672974609758966835215687751770019531250000000, 0.140355381171318599475839050683134701102972030639648437500000, 0.449332832326955478041696778745972551405429840087890625000000, 1.104777931614293828843642586434725672006607055664062500000000, 0.157762373470000577535543584417609963566064834594726562500000
 0.006991087353303107251867309912540804361924529075622558593750, 0.882270011260322561952307296451181173324584960937500000000000, 0.140355381171318599475839050683134701102972030639648437500000,-0.449332832326955700086301703777280636131763458251953125000000, 2.036814721975499509198925807140767574310302734375000000000000, 0.157762373470000605291119200046523474156856536865234375000000
 0.006991087353303107251867309912540804361924529075622558593750, 0.882270011260322672974609758966835215687751770019531250000000,-0.140355381171318599475839050683134701102972030639648437500000, 0.449332832326955478041696778745972551405429840087890625000000, 1.104777931614293828843642586434725672006607055664062500000000, 6.125422933709585571193656505784019827842712402343750000000000
 0.006991087353303107251867309912540804361924529075622558593750, 0.882270011260322561952307296451181173324584960937500000000000,-0.140355381171318599475839050683134701102972030639648437500000,-0.449332832326955700086301703777280636131763458251953125000000, 2.036814721975499509198925807140767574310302734375000000000000, 6.125422933709585571193656505784019827842712402343750000000000
 0.006991087353303107251867309912540804361924529075622558593750,-0.882270011260322672974609758966835215687751770019531250000000, 0.140355381171318599475839050683134701102972030639648437500000, 0.449332832326955478041696778745972551405429840087890625000000, 1.104777931614293828843642586434725672006607055664062500000000, 2.983830280119792455195693037239834666252136230468750000000000
 0.006991087353303107251867309912540804361924529075622558593750,-0.882270011260322561952307296451181173324584960937500000000000, 0.140355381171318599475839050683134701102972030639648437500000,-0.449332832326955700086301703777280636131763458251953125000000, 2.036814721975499509198925807140767574310302734375000000000000, 2.983830280119792455195693037239834666252136230468750000000000
 0.006991087353303107251867309912540804361924529075622558593750,-0.882270011260322672974609758966835215687751770019531250000000,-0.140355381171318599475839050683134701102972030639648437500000, 0.449332832326955478041696778745972551405429840087890625000000, 1.104777931614293828843642586434725672006607055664062500000000, 3.299355027059793776800233899848535656929016113281250000000000
 0.006991087353303107251867309912540804361924529075622558593750,-0.882270011260322561952307296451181173324584960937500000000000,-0.140355381171318599475839050683134701102972030639648437500000,-0.449332832326955700086301703777280636131763458251953125000000, 2.036814721975499509198925807140767574310302734375000000000000, 3.299355027059793776800233899848535656929016113281250000000000
 0.006991087353303107251867309912540804361924529075622558593750, 0.882270011260322672974609758966835215687751770019531250000000, 0.449332832326955700086301703777280636131763458251953125000000, 0.140355381171318210897780431878345552831888198852539062500000, 1.429975987015921878864332938974257558584213256835937500000000, 0.471053343082275144393378241147729568183422088623046875000000
 0.006991087353303107251867309912540804361924529075622558593750, 0.882270011260322672974609758966835215687751770019531250000000, 0.449332832326955700086301703777280636131763458251953125000000,-0.140355381171318405186809741280740126967430114746093750000000, 1.711616666573871681222840379632543772459030151367187500000000, 0.471053343082275144393378241147729568183422088623046875000000
 0.006991087353303107251867309912540804361924529075622558593750, 0.882270011260322672974609758966835215687751770019531250000000,-0.449332832326955700086301703777280636131763458251953125000000, 0.140355381171318210897780431878345552831888198852539062500000, 1.429975987015921878864332938974257558584213256835937500000000, 5.812131964097311254136002389714121818542480468750000000000000
 0.006991087353303107251867309912540804361924529075622558593750, 0.882270011260322672974609758966835215687751770019531250000000,-0.449332832326955700086301703777280636131763458251953125000000,-0.140355381171318405186809741280740126967430114746093750000000, 1.711616666573871681222840379632543772459030151367187500000000, 5.812131964097311254136002389714121818542480468750000000000000
 0.006991087353303107251867309912540804361924529075622558593750,-0.882270011260322783996912221482489258050918579101562500000000, 0.449332832326955478041696778745972551405429840087890625000000, 0.140355381171318210897780431878345552831888198852539062500000, 1.429975987015921878864332938974257558584213256835937500000000, 2.670539310507518138138038921169936656951904296875000000000000
 0.006991087353303107251867309912540804361924529075622558593750,-0.882270011260322783996912221482489258050918579101562500000000, 0.449332832326955478041696778745972551405429840087890625000000,-0.140355381171318405186809741280740126967430114746093750000000, 1.711616666573871681222840379632543772459030151367187500000000, 2.670539310507518138138038921169936656951904296875000000000000
 0.006991087353303107251867309912540804361924529075622558593750,-0.882270011260322783996912221482489258050918579101562500000000,-0.449332832326955478041696778745972551405429840087890625000000, 0.140355381171318210897780431878345552831888198852539062500000, 1.429975987015921878864332938974257558584213256835937500000000, 3.612645996672068093857888015918433666229248046875000000000000
 0.006991087353303107251867309912540804361924529075622558593750,-0.882270011260322783996912221482489258050918579101562500000000,-0.449332832326955478041696778745972551405429840087890625000000,-0.140355381171318405186809741280740126967430114746093750000000, 1.711616666573871681222840379632543772459030151367187500000000, 3.612645996672068093857888015918433666229248046875000000000000
