# count
110
# w,cx,cy,cz,theta,phi
 0.003828270494937007547425755760173160524573177099227905273438, 1.000000000000000000000000000000000000000000000000000000000000, 0.000000000000000000000000000000000000000000000000000000000000, 0.000000000000000000000000000000000000000000000000000000000000, 1.570796326794896557998981734272092580795288085937500000000000, 0.000000000000000000000000000000000000000000000000000000000000
 0.003828270494937007547425755760173160524573177099227905273438,-1.000000000000000000000000000000000000000000000000000000000000, 0.000000000000000000000000000000000000000000000000000000000000, 0.000000000000000000000000000000000000000000000000000000000000, 1.570796326794896557998981734272092580795288085937500000000000, 3.141592653589793115997963468544185161590576171875000000000000
 0.003828270494937007547425755760173160524573177099227905273438, 0.000000000000000000000000000000000000000000000000000000000000, 1.000000000000000000000000000000000000000000000000000000000000, 0.000000000000000000000000000000000000000000000000000000000000, 1.570796326794896557998981734272092580795288085937500000000000, 1.570796326794896557998981734272092580795288085937500000000000
 0.003828270494937007547425755760173160524573177099227905273438, 0.000000000000000000000000000000000000000000000000000000000000,-1.000000000000000000000000000000000000000000000000000000000000, 0.000000000000000000000000000000000000000000000000000000000000, 1.570796326794896557998981734272092580795288085937500000000000, 4.712388980384689673996945202816277742385864257812500000000000
 0.003828270494937007547425755760173160524573177099227905273438, 0.000000000000000000000000000000000000000000000000000000000000, 0.000000000000000000000000000000000000000000000000000000000000, 1.000000000000000000000000000000000000000000000000000000000000, 0.000000000000000000000000000000000000000000000000000000000000, 0.000000000000000000000000000000000000000000000000000000000000
 0.003828270494937007547425755760173160524573177099227905273438, 0.000000000000000000000000000000000000000000000000000000000000, 0.000000000000000000000000000000000000000000000000000000000000,-1.000000000000000000000000000000000000000000000000000000000000, 3.141592653589793115997963468544185161590576171875000000000000, 0.000000000000000000000000000000000000000000000000000000000000
 0.009793737512488019311684972478815325303003191947937011718750, 0.577350269189625731058868041145615279674530029296875000000000, 0.577350269189625731058868041145615279674530029296875000000000, 0.577350269189625731058868041145615279674530029296875000000000, 0.955316618124509298048963046312564983963966369628906250000000, 0.785398163397448278999490867136046290397644042968750000000000
 0.009793737512488019311684972478815325303003191947937011718750, 0.577350269189625731058868041145615279674530029296875000000000, 0.577350269189625731058868041145615279674530029296875000000000,-0.577350269189625731058868041145615279674530029296875000000000, 2.186276035465283928971302884747274219989776611328125000000000, 0.785398163397448278999490867136046290397644042968750000000000
 0.009793737512488019311684972478815325303003191947937011718750, 0.577350269189625731058868041145615279674530029296875000000000,-0.577350269189625731058868041145615279674530029296875000000000, 0.577350269189625731058868041145615279674530029296875000000000, 0.955316618124509298048963046312564983963966369628906250000000, 5.497787143782137952996436069952324032783508300781250000000000
 0.009793737512488019311684972478815325303003191947937011718750, 0.577350269189625731058868041145615279674530029296875000000000,-0.577350269189625731058868041145615279674530029296875000000000,-0.577350269189625731058868041145615279674530029296875000000000, 2.186276035465283928971302884747274219989776611328125000000000, 5.497787143782137952996436069952324032783508300781250000000000
 0.009793737512488019311684972478815325303003191947937011718750,-0.577350269189625731058868041145615279674530029296875000000000, 0.577350269189625731058868041145615279674530029296875000000000, 0.577350269189625731058868041145615279674530029296875000000000, 0.955316618124509298048963046312564983963966369628906250000000, 2.356194490192344836998472601408138871192932128906250000000000
 0.009793737512488019311684972478815325303003191947937011718750,-0.577350269189625731058868041145615279674530029296875000000000, 0.577350269189625731058868041145615279674530029296875000000000,-0.577350269189625731058868041145615279674530029296875000000000, 2.186276035465283928971302884747274219989776611328125000000000, 2.356194490192344836998472601408138871192932128906250000000000
 0.009793737512488019311684972478815325303003191947937011718750,-0.577350269189625731058868041145615279674530029296875000000000,-0.577350269189625731058868041145615279674530029296875000000000, 0.577350269189625731058868041145615279674530029296875000000000, 0.955316618124509298048963046312564983963966369628906250000000, 3.926990816987241394997454335680231451988220214843750000000000
 0.009793737512488019311684972478815325303003191947937011718750,-0.577350269189625731058868041145615279674530029296875000000000,-0.577350269189625731058868041145615279674530029296875000000000,-0.577350269189625731058868041145615279674530029296875000000000, 2.186276035465283928971302884747274219989776611328125000000000, 3.926990816987241394997454335680231451988220214843750000000000
 0.008211737283191015979166849092507618479430675506591796875000, 0.185115635344736295664347380807157605886459350585937500000000, 0.185115635344736295664347380807157605886459350585937500000000, 0.965124035086594056487285797629738226532936096191406250000000, 0.264879572021708586948562924590078182518482208251953125000000, 0.785398163397448278999490867136046290397644042968750000000000
 0.008211737283191015979166849092507618479430675506591796875000, 0.185115635344735990353015608889108989387750625610351562500000, 0.185115635344735990353015608889108989387750625610351562500000,-0.965124035086594167509588260145392268896102905273437500000000, 2.876713081568085250694366550305858254432678222656250000000000, 0.785398163397448278999490867136046290397644042968750000000000
 0.008211737283191015979166849092507618479430675506591796875000, 0.185115635344736295664347380807157605886459350585937500000000,-0.185115635344736295664347380807157605886459350585937500000000, 0.965124035086594056487285797629738226532936096191406250000000, 0.264879572021708586948562924590078182518482208251953125000000, 5.497787143782137952996436069952324032783508300781250000000000
 0.008211737283191015979166849092507618479430675506591796875000, 0.185115635344735990353015608889108989387750625610351562500000,-0.185115635344735990353015608889108989387750625610351562500000,-0.965124035086594167509588260145392268896102905273437500000000, 2.876713081568085250694366550305858254432678222656250000000000, 5.497787143782137952996436069952324032783508300781250000000000
 0.008211737283191015979166849092507618479430675506591796875000,-0.185115635344736295664347380807157605886459350585937500000000, 0.185115635344736295664347380807157605886459350585937500000000, 0.965124035086594056487285797629738226532936096191406250000000, 0.264879572021708586948562924590078182518482208251953125000000, 2.356194490192344836998472601408138871192932128906250000000000
 0.008211737283191015979166849092507618479430675506591796875000,-0.185115635344735990353015608889108989387750625610351562500000, 0.185115635344735990353015608889108989387750625610351562500000,-0.965124035086594167509588260145392268896102905273437500000000, 2.876713081568085250694366550305858254432678222656250000000000, 2.356194490192344836998472601408138871192932128906250000000000
 0.008211737283191015979166849092507618479430675506591796875000,-0.185115635344736295664347380807157605886459350585937500000000,-0.185115635344736295664347380807157605886459350585937500000000, 0.965124035086594056487285797629738226532936096191406250000000, 0.264879572021708586948562924590078182518482208251953125000000, 3.926990816987241394997454335680231451988220214843750000000000
 0.008211737283191015979166849092507618479430675506591796875000,-0.185115635344735990353015608889108989387750625610351562500000,-0.185115635344735990353015608889108989387750625610351562500000,-0.965124035086594167509588260145392268896102905273437500000000, 2.876713081568085250694366550305858254432678222656250000000000, 3.926990816987241394997454335680231451988220214843750000000000
 0.008211737283191015979166849092507618479430675506591796875000, 0.185115635344736101375318071404763031750917434692382812500000, 0.965124035086594167509588260145392268896102905273437500000000, 0.185115635344736295664347380807157605886459350585937500000000, 1.384606796718893084729984366276767104864120483398437500000000, 1.381292828873573963477383585995994508266448974609375000000000
 0.008211737283191015979166849092507618479430675506591796875000, 0.185115635344736101375318071404763031750917434692382812500000,-0.965124035086594167509588260145392268896102905273437500000000, 0.185115635344736295664347380807157605886459350585937500000000, 1.384606796718893084729984366276767104864120483398437500000000, 4.901892478306011824429333501029759645462036132812500000000000
 0.008211737283191015979166849092507618479430675506591796875000, 0.185115635344736101375318071404763031750917434692382812500000, 0.965124035086594167509588260145392268896102905273437500000000,-0.185115635344736295664347380807157605886459350585937500000000, 1.756985856870900253312584027298726141452789306640625000000000, 1.381292828873573963477383585995994508266448974609375000000000
 0.008211737283191015979166849092507618479430675506591796875000, 0.185115635344736101375318071404763031750917434692382812500000,-0.965124035086594167509588260145392268896102905273437500000000,-0.185115635344736295664347380807157605886459350585937500000000, 1.756985856870900253312584027298726141452789306640625000000000, 4.901892478306011824429333501029759645462036132812500000000000
 0.008211737283191015979166849092507618479430675506591796875000,-0.185115635344736295664347380807157605886459350585937500000000, 0.965124035086594056487285797629738226532936096191406250000000, 0.185115635344736295664347380807157605886459350585937500000000, 1.384606796718893084729984366276767104864120483398437500000000, 1.760299824716219596609789732610806822776794433593750000000000
 0.008211737283191015979166849092507618479430675506591796875000,-0.185115635344736295664347380807157605886459350585937500000000,-0.965124035086594056487285797629738226532936096191406250000000, 0.185115635344736295664347380807157605886459350585937500000000, 1.384606796718893084729984366276767104864120483398437500000000, 4.522885482463366635386137204477563500404357910156250000000000
 0.008211737283191015979166849092507618479430675506591796875000,-0.185115635344736295664347380807157605886459350585937500000000, 0.965124035086594056487285797629738226532936096191406250000000,-0.185115635344736295664347380807157605886459350585937500000000, 1.756985856870900253312584027298726141452789306640625000000000, 1.760299824716219596609789732610806822776794433593750000000000
 0.008211737283191015979166849092507618479430675506591796875000,-0.185115635344736295664347380807157605886459350585937500000000,-0.965124035086594056487285797629738226532936096191406250000000,-0.185115635344736295664347380807157605886459350585937500000000, 1.756985856870900253312584027298726141452789306640625000000000, 4.522885482463366635386137204477563500404357910156250000000000
 0.008211737283191015979166849092507618479430675506591796875000, 0.965124035086594056487285797629738226532936096191406250000000, 0.185115635344736406686649843322811648249626159667968750000000, 0.185115635344736295664347380807157605886459350585937500000000, 1.384606796718893084729984366276767104864120483398437500000000, 0.189503497921323066366383613967627752572298049926757812500000
 0.008211737283191015979166849092507618479430675506591796875000,-0.965124035086594056487285797629738226532936096191406250000000, 0.185115635344736489953376690209552180022001266479492187500000, 0.185115635344736295664347380807157605886459350585937500000000, 1.384606796718893084729984366276767104864120483398437500000000, 2.952089155668470077387155470205470919609069824218750000000000
 0.008211737283191015979166849092507618479430675506591796875000, 0.965124035086594056487285797629738226532936096191406250000000, 0.185115635344736406686649843322811648249626159667968750000000,-0.185115635344736295664347380807157605886459350585937500000000, 1.756985856870900253312584027298726141452789306640625000000000, 0.189503497921323066366383613967627752572298049926757812500000
 0.008211737283191015979166849092507618479430675506591796875000,-0.965124035086594056487285797629738226532936096191406250000000, 0.185115635344736489953376690209552180022001266479492187500000,-0.185115635344736295664347380807157605886459350585937500000000, 1.756985856870900253312584027298726141452789306640625000000000, 2.952089155668470077387155470205470919609069824218750000000000
 0.008211737283191015979166849092507618479430675506591796875000, 0.965124035086594056487285797629738226532936096191406250000000,-0.185115635344736406686649843322811648249626159667968750000000, 0.185115635344736295664347380807157605886459350585937500000000, 1.384606796718893084729984366276767104864120483398437500000000, 6.093681809258263193385118938749656081199645996093750000000000
 0.008211737283191015979166849092507618479430675506591796875000,-0.965124035086594056487285797629738226532936096191406250000000,-0.185115635344736489953376690209552180022001266479492187500000, 0.185115635344736295664347380807157605886459350585937500000000, 1.384606796718893084729984366276767104864120483398437500000000, 3.331096151511116154608771466882899403572082519531250000000000
 0.008211737283191015979166849092507618479430675506591796875000, 0.965124035086594056487285797629738226532936096191406250000000,-0.185115635344736406686649843322811648249626159667968750000000,-0.185115635344736295664347380807157605886459350585937500000000, 1.756985856870900253312584027298726141452789306640625000000000, 6.093681809258263193385118938749656081199645996093750000000000
 0.008211737283191015979166849092507618479430675506591796875000,-0.965124035086594056487285797629738226532936096191406250000000,-0.185115635344736489953376690209552180022001266479492187500000,-0.185115635344736295664347380807157605886459350585937500000000, 1.756985856870900253312584027298726141452789306640625000000000, 3.331096151511116154608771466882899403572082519531250000000000
 0.009942814891178019739981230884495744248852133750915527343750, 0.690421048382292124045989112346433103084564208984375000000000, 0.690421048382292124045989112346433103084564208984375000000000, 0.215957291845848387001893797787488438189029693603515625000000, 1.353124175902743031585373501002322882413864135742187500000000, 0.785398163397448278999490867136046290397644042968750000000000
 0.009942814891178019739981230884495744248852133750915527343750, 0.690421048382292124045989112346433103084564208984375000000000, 0.690421048382292124045989112346433103084564208984375000000000,-0.215957291845848692313225569705537054687738418579101562500000, 1.788468477687050528501799817604478448629379272460937500000000, 0.785398163397448278999490867136046290397644042968750000000000
 0.009942814891178019739981230884495744248852133750915527343750, 0.690421048382292124045989112346433103084564208984375000000000,-0.690421048382292124045989112346433103084564208984375000000000, 0.215957291845848387001893797787488438189029693603515625000000, 1.353124175902743031585373501002322882413864135742187500000000, 5.497787143782137952996436069952324032783508300781250000000000
 0.009942814891178019739981230884495744248852133750915527343750, 0.690421048382292124045989112346433103084564208984375000000000,-0.690421048382292124045989112346433103084564208984375000000000,-0.215957291845848692313225569705537054687738418579101562500000, 1.788468477687050528501799817604478448629379272460937500000000, 5.497787143782137952996436069952324032783508300781250000000000
 0.009942814891178019739981230884495744248852133750915527343750,-0.690421048382292124045989112346433103084564208984375000000000, 0.690421048382292124045989112346433103084564208984375000000000, 0.215957291845848387001893797787488438189029693603515625000000, 1.353124175902743031585373501002322882413864135742187500000000, 2.356194490192344836998472601408138871192932128906250000000000
 0.009942814891178019739981230884495744248852133750915527343750,-0.690421048382292124045989112346433103084564208984375000000000, 0.690421048382292124045989112346433103084564208984375000000000,-0.215957291845848692313225569705537054687738418579101562500000, 1.788468477687050528501799817604478448629379272460937500000000, 2.356194490192344836998472601408138871192932128906250000000000
 0.009942814891178019739981230884495744248852133750915527343750,-0.690421048382292124045989112346433103084564208984375000000000,-0.690421048382292124045989112346433103084564208984375000000000, 0.215957291845848387001893797787488438189029693603515625000000, 1.353124175902743031585373501002322882413864135742187500000000, 3.926990816987241394997454335680231451988220214843750000000000
 0.009942814891178019739981230884495744248852133750915527343750,-0.690421048382292124045989112346433103084564208984375000000000,-0.690421048382292124045989112346433103084564208984375000000000,-0.215957291845848692313225569705537054687738418579101562500000, 1.788468477687050528501799817604478448629379272460937500000000, 3.926990816987241394997454335680231451988220214843750000000000
 0.009942814891178019739981230884495744248852133750915527343750, 0.690421048382292124045989112346433103084564208984375000000000, 0.215957291845848498024196260303142480552196502685546875000000, 0.690421048382292235068291574862087145447731018066406250000000, 0.808725400927085003033312204934190958738327026367187500000000, 0.303149695109332373288424378188210539519786834716796875000000
 0.009942814891178019739981230884495744248852133750915527343750, 0.690421048382292124045989112346433103084564208984375000000000,-0.215957291845848498024196260303142480552196502685546875000000, 0.690421048382292235068291574862087145447731018066406250000000, 0.808725400927085003033312204934190958738327026367187500000000, 5.980035612070254025240956252673640847206115722656250000000000
 0.009942814891178019739981230884495744248852133750915527343750, 0.690421048382292124045989112346433103084564208984375000000000, 0.215957291845848498024196260303142480552196502685546875000000,-0.690421048382292235068291574862087145447731018066406250000000, 2.332867252662708335009256188641302287578582763671875000000000, 0.303149695109332373288424378188210539519786834716796875000000
 0.009942814891178019739981230884495744248852133750915527343750, 0.690421048382292124045989112346433103084564208984375000000000,-0.215957291845848498024196260303142480552196502685546875000000,-0.690421048382292235068291574862087145447731018066406250000000, 2.332867252662708335009256188641302287578582763671875000000000, 5.980035612070254025240956252673640847206115722656250000000000
 0.009942814891178019739981230884495744248852133750915527343750,-0.690421048382292124045989112346433103084564208984375000000000, 0.215957291845848498024196260303142480552196502685546875000000, 0.690421048382292235068291574862087145447731018066406250000000, 0.808725400927085003033312204934190958738327026367187500000000, 2.838442958480460909242992784129455685615539550781250000000000
 0.009942814891178019739981230884495744248852133750915527343750,-0.690421048382292124045989112346433103084564208984375000000000,-0.215957291845848498024196260303142480552196502685546875000000, 0.690421048382292235068291574862087145447731018066406250000000, 0.808725400927085003033312204934190958738327026367187500000000, 3.444742348699125322752934152958914637565612792968750000000000
 0.009942814891178019739981230884495744248852133750915527343750,-0.690421048382292124045989112346433103084564208984375000000000, 0.215957291845848498024196260303142480552196502685546875000000,-0.690421048382292235068291574862087145447731018066406250000000, 2.332867252662708335009256188641302287578582763671875000000000, 2.838442958480460909242992784129455685615539550781250000000000
 0.009942814891178019739981230884495744248852133750915527343750,-0.690421048382292124045989112346433103084564208984375000000000,-0.215957291845848498024196260303142480552196502685546875000000,-0.690421048382292235068291574862087145447731018066406250000000, 2.332867252662708335009256188641302287578582763671875000000000, 3.444742348699125322752934152958914637565612792968750000000000
 0.009942814891178019739981230884495744248852133750915527343750, 0.215957291845848303735166950900747906416654586791992187500000, 0.690421048382292235068291574862087145447731018066406250000000, 0.690421048382292235068291574862087145447731018066406250000000, 0.808725400927085225077917129965499043464660644531250000000000, 1.267646631685564573288615974888671189546585083007812500000000
 0.009942814891178019739981230884495744248852133750915527343750,-0.215957291845848498024196260303142480552196502685546875000000, 0.690421048382292124045989112346433103084564208984375000000000, 0.690421048382292235068291574862087145447731018066406250000000, 0.808725400927085003033312204934190958738327026367187500000000, 1.873946021904228986798557343718130141496658325195312500000000
 0.009942814891178019739981230884495744248852133750915527343750, 0.215957291845848303735166950900747906416654586791992187500000, 0.690421048382292235068291574862087145447731018066406250000000,-0.690421048382292235068291574862087145447731018066406250000000, 2.332867252662707890920046338578686118125915527343750000000000, 1.267646631685564573288615974888671189546585083007812500000000
 0.009942814891178019739981230884495744248852133750915527343750,-0.215957291845848498024196260303142480552196502685546875000000, 0.690421048382292124045989112346433103084564208984375000000000,-0.690421048382292235068291574862087145447731018066406250000000, 2.332867252662708335009256188641302287578582763671875000000000, 1.873946021904228986798557343718130141496658325195312500000000
 0.009942814891178019739981230884495744248852133750915527343750, 0.215957291845848303735166950900747906416654586791992187500000,-0.690421048382292235068291574862087145447731018066406250000000, 0.690421048382292235068291574862087145447731018066406250000000, 0.808725400927085225077917129965499043464660644531250000000000, 5.015538675494021880751915887231007218360900878906250000000000
 0.009942814891178019739981230884495744248852133750915527343750,-0.215957291845848498024196260303142480552196502685546875000000,-0.690421048382292124045989112346433103084564208984375000000000, 0.690421048382292235068291574862087145447731018066406250000000, 0.808725400927085003033312204934190958738327026367187500000000, 4.409239285275357467241974518401548266410827636718750000000000
 0.009942814891178019739981230884495744248852133750915527343750, 0.215957291845848303735166950900747906416654586791992187500000,-0.690421048382292235068291574862087145447731018066406250000000,-0.690421048382292235068291574862087145447731018066406250000000, 2.332867252662707890920046338578686118125915527343750000000000, 5.015538675494021880751915887231007218360900878906250000000000
 0.009942814891178019739981230884495744248852133750915527343750,-0.215957291845848498024196260303142480552196502685546875000000,-0.690421048382292124045989112346433103084564208984375000000000,-0.690421048382292235068291574862087145447731018066406250000000, 2.332867252662708335009256188641302287578582763671875000000000, 4.409239285275357467241974518401548266410827636718750000000000
 0.009595471336071017751101486226161796366795897483825683593750, 0.395689473055941820511804962734458968043327331542968750000000, 0.395689473055941820511804962734458968043327331542968750000000, 0.828769981252592269349577236425830051302909851074218750000000, 0.593890307360955604920604855578858405351638793945312500000000, 0.785398163397448278999490867136046290397644042968750000000000
 0.009595471336071017751101486226161796366795897483825683593750, 0.395689473055941820511804962734458968043327331542968750000000, 0.395689473055941820511804962734458968043327331542968750000000,-0.828769981252592269349577236425830051302909851074218750000000, 2.547702346228837733121963537996634840965270996093750000000000, 0.785398163397448278999490867136046290397644042968750000000000
 0.009595471336071017751101486226161796366795897483825683593750, 0.395689473055941820511804962734458968043327331542968750000000,-0.395689473055941820511804962734458968043327331542968750000000, 0.828769981252592269349577236425830051302909851074218750000000, 0.593890307360955604920604855578858405351638793945312500000000, 5.497787143782137952996436069952324032783508300781250000000000
 0.009595471336071017751101486226161796366795897483825683593750, 0.395689473055941820511804962734458968043327331542968750000000,-0.395689473055941820511804962734458968043327331542968750000000,-0.828769981252592269349577236425830051302909851074218750000000, 2.547702346228837733121963537996634840965270996093750000000000, 5.497787143782137952996436069952324032783508300781250000000000
 0.009595471336071017751101486226161796366795897483825683593750,-0.395689473055941820511804962734458968043327331542968750000000, 0.395689473055941820511804962734458968043327331542968750000000, 0.828769981252592269349577236425830051302909851074218750000000, 0.593890307360955604920604855578858405351638793945312500000000, 2.356194490192344836998472601408138871192932128906250000000000
 0.009595471336071017751101486226161796366795897483825683593750,-0.395689473055941820511804962734458968043327331542968750000000, 0.395689473055941820511804962734458968043327331542968750000000,-0.828769981252592269349577236425830051302909851074218750000000, 2.547702346228837733121963537996634840965270996093750000000000, 2.356194490192344836998472601408138871192932128906250000000000
 0.009595471336071017751101486226161796366795897483825683593750,-0.395689473055941820511804962734458968043327331542968750000000,-0.395689473055941820511804962734458968043327331542968750000000, 0.828769981252592269349577236425830051302909851074218750000000, 0.593890307360955604920604855578858405351638793945312500000000, 3.926990816987241394997454335680231451988220214843750000000000
 0.009595471336071017751101486226161796366795897483825683593750,-0.395689473055941820511804962734458968043327331542968750000000,-0.395689473055941820511804962734458968043327331542968750000000,-0.828769981252592269349577236425830051302909851074218750000000, 2.547702346228837733121963537996634840965270996093750000000000, 3.926990816987241394997454335680231451988220214843750000000000
 0.009595471336071017751101486226161796366795897483825683593750, 0.395689473055941709489502500218804925680160522460937500000000, 0.828769981252592380371879698941484093666076660156250000000000, 0.395689473055941709489502500218804925680160522460937500000000, 1.163977851408147135003900984884239733219146728515625000000000, 1.125357546250745688354300000355578958988189697265625000000000
 0.009595471336071017751101486226161796366795897483825683593750, 0.395689473055941709489502500218804925680160522460937500000000,-0.828769981252592380371879698941484093666076660156250000000000, 0.395689473055941709489502500218804925680160522460937500000000, 1.163977851408147135003900984884239733219146728515625000000000, 5.157827760928840987730836786795407533645629882812500000000000
 0.009595471336071017751101486226161796366795897483825683593750, 0.395689473055941709489502500218804925680160522460937500000000, 0.828769981252592380371879698941484093666076660156250000000000,-0.395689473055941709489502500218804925680160522460937500000000, 1.977614802181646203038667408691253513097763061523437500000000, 1.125357546250745688354300000355578958988189697265625000000000
 0.009595471336071017751101486226161796366795897483825683593750, 0.395689473055941709489502500218804925680160522460937500000000,-0.828769981252592380371879698941484093666076660156250000000000,-0.395689473055941709489502500218804925680160522460937500000000, 1.977614802181646203038667408691253513097763061523437500000000, 5.157827760928840987730836786795407533645629882812500000000000
 0.009595471336071017751101486226161796366795897483825683593750,-0.395689473055941709489502500218804925680160522460937500000000, 0.828769981252592380371879698941484093666076660156250000000000, 0.395689473055941709489502500218804925680160522460937500000000, 1.163977851408147135003900984884239733219146728515625000000000, 2.016235107339047427643663468188606202602386474609375000000000
 0.009595471336071017751101486226161796366795897483825683593750,-0.395689473055941709489502500218804925680160522460937500000000,-0.828769981252592380371879698941484093666076660156250000000000, 0.395689473055941709489502500218804925680160522460937500000000, 1.163977851408147135003900984884239733219146728515625000000000, 4.266950199840538360263053618837147951126098632812500000000000
 0.009595471336071017751101486226161796366795897483825683593750,-0.395689473055941709489502500218804925680160522460937500000000, 0.828769981252592380371879698941484093666076660156250000000000,-0.395689473055941709489502500218804925680160522460937500000000, 1.977614802181646203038667408691253513097763061523437500000000, 2.016235107339047427643663468188606202602386474609375000000000
 0.009595471336071017751101486226161796366795897483825683593750,-0.395689473055941709489502500218804925680160522460937500000000,-0.828769981252592380371879698941484093666076660156250000000000,-0.395689473055941709489502500218804925680160522460937500000000, 1.977614802181646203038667408691253513097763061523437500000000, 4.266950199840538360263053618837147951126098632812500000000000
 0.009595471336071017751101486226161796366795897483825683593750, 0.828769981252592269349577236425830051302909851074218750000000, 0.395689473055941820511804962734458968043327331542968750000000, 0.395689473055941709489502500218804925680160522460937500000000, 1.163977851408147135003900984884239733219146728515625000000000, 0.445438780544150980666984196432167664170265197753906250000000
 0.009595471336071017751101486226161796366795897483825683593750,-0.828769981252592269349577236425830051302909851074218750000000, 0.395689473055941820511804962734458968043327331542968750000000, 0.395689473055941709489502500218804925680160522460937500000000, 1.163977851408147135003900984884239733219146728515625000000000, 2.696153873045642246353281734627671539783477783203125000000000
 0.009595471336071017751101486226161796366795897483825683593750, 0.828769981252592269349577236425830051302909851074218750000000, 0.395689473055941820511804962734458968043327331542968750000000,-0.395689473055941709489502500218804925680160522460937500000000, 1.977614802181646203038667408691253513097763061523437500000000, 0.445438780544150980666984196432167664170265197753906250000000
 0.009595471336071017751101486226161796366795897483825683593750,-0.828769981252592269349577236425830051302909851074218750000000, 0.395689473055941820511804962734458968043327331542968750000000,-0.395689473055941709489502500218804925680160522460937500000000, 1.977614802181646203038667408691253513097763061523437500000000, 2.696153873045642246353281734627671539783477783203125000000000
 0.009595471336071017751101486226161796366795897483825683593750, 0.828769981252592269349577236425830051302909851074218750000000,-0.395689473055941820511804962734458968043327331542968750000000, 0.395689473055941709489502500218804925680160522460937500000000, 1.163977851408147135003900984884239733219146728515625000000000, 5.837746526635434918262035353109240531921386718750000000000000
 0.009595471336071017751101486226161796366795897483825683593750,-0.828769981252592269349577236425830051302909851074218750000000,-0.395689473055941820511804962734458968043327331542968750000000, 0.395689473055941709489502500218804925680160522460937500000000, 1.163977851408147135003900984884239733219146728515625000000000, 3.587031434133943985642645202460698783397674560546875000000000
 0.009595471336071017751101486226161796366795897483825683593750, 0.828769981252592269349577236425830051302909851074218750000000,-0.395689473055941820511804962734458968043327331542968750000000,-0.395689473055941709489502500218804925680160522460937500000000, 1.977614802181646203038667408691253513097763061523437500000000, 5.837746526635434918262035353109240531921386718750000000000000
 0.009595471336071017751101486226161796366795897483825683593750,-0.828769981252592269349577236425830051302909851074218750000000,-0.395689473055941820511804962734458968043327331542968750000000,-0.395689473055941709489502500218804925680160522460937500000000, 1.977614802181646203038667408691253513097763061523437500000000, 3.587031434133943985642645202460698783397674560546875000000000
 0.009694996361663019840415600469896162394434213638305664062500, 0.478369028812150098861621927426313050091266632080078125000000, 0.878158910604066145211277216731104999780654907226562500000000, 0.000000000000000000000000000000000000000000000000000000000000, 1.570796326794896557998981734272092580795288085937500000000000, 1.071999817947876021406727886642329394817352294921875000000000
 0.009694996361663019840415600469896162394434213638305664062500, 0.478369028812150098861621927426313050091266632080078125000000,-0.878158910604066145211277216731104999780654907226562500000000, 0.000000000000000000000000000000000000000000000000000000000000, 1.570796326794896557998981734272092580795288085937500000000000, 5.211185489231709766499989200383424758911132812500000000000000
 0.009694996361663019840415600469896162394434213638305664062500,-0.478369028812150320906226852457621134817600250244140625000000, 0.878158910604066034188974754215450957417488098144531250000000, 0.000000000000000000000000000000000000000000000000000000000000, 1.570796326794896557998981734272092580795288085937500000000000, 2.069592835641917538680445431964471936225891113281250000000000
 0.009694996361663019840415600469896162394434213638305664062500,-0.478369028812150320906226852457621134817600250244140625000000,-0.878158910604066034188974754215450957417488098144531250000000, 0.000000000000000000000000000000000000000000000000000000000000, 1.570796326794896557998981734272092580795288085937500000000000, 4.213592471537668693315481505123898386955261230468750000000000
 0.009694996361663019840415600469896162394434213638305664062500, 0.878158910604066145211277216731104999780654907226562500000000, 0.478369028812150209883924389941967092454433441162109375000000, 0.000000000000000000000000000000000000000000000000000000000000, 1.570796326794896557998981734272092580795288085937500000000000, 0.498796508847020814148010003918898291885852813720703125000000
 0.009694996361663019840415600469896162394434213638305664062500, 0.878158910604066145211277216731104999780654907226562500000000,-0.478369028812150209883924389941967092454433441162109375000000, 0.000000000000000000000000000000000000000000000000000000000000, 1.570796326794896557998981734272092580795288085937500000000000, 5.784388798332565251314463239395990967750549316406250000000000
 0.009694996361663019840415600469896162394434213638305664062500,-0.878158910604066145211277216731104999780654907226562500000000, 0.478369028812150098861621927426313050091266632080078125000000, 0.000000000000000000000000000000000000000000000000000000000000, 1.570796326794896557998981734272092580795288085937500000000000, 2.642796144742772579405709620914421975612640380859375000000000
 0.009694996361663019840415600469896162394434213638305664062500,-0.878158910604066145211277216731104999780654907226562500000000,-0.478369028812150098861621927426313050091266632080078125000000, 0.000000000000000000000000000000000000000000000000000000000000, 1.570796326794896557998981734272092580795288085937500000000000, 3.640389162436813652590217316173948347568511962890625000000000
 0.009694996361663019840415600469896162394434213638305664062500, 0.478369028812150209883924389941967092454433441162109375000000, 0.000000000000000000000000000000000000000000000000000000000000, 0.878158910604066145211277216731104999780654907226562500000000, 0.498796508847020758636858772661071270704269409179687500000000, 0.000000000000000000000000000000000000000000000000000000000000
 0.009694996361663019840415600469896162394434213638305664062500, 0.478369028812150098861621927426313050091266632080078125000000, 0.000000000000000000000000000000000000000000000000000000000000,-0.878158910604066145211277216731104999780654907226562500000000, 2.642796144742772579405709620914421975612640380859375000000000, 0.000000000000000000000000000000000000000000000000000000000000
 0.009694996361663019840415600469896162394434213638305664062500,-0.478369028812150209883924389941967092454433441162109375000000, 0.000000000000000000000000000000000000000000000000000000000000, 0.878158910604066145211277216731104999780654907226562500000000, 0.498796508847020758636858772661071270704269409179687500000000, 3.141592653589793115997963468544185161590576171875000000000000
 0.009694996361663019840415600469896162394434213638305664062500,-0.478369028812150098861621927426313050091266632080078125000000, 0.000000000000000000000000000000000000000000000000000000000000,-0.878158910604066145211277216731104999780654907226562500000000, 2.642796144742772579405709620914421975612640380859375000000000, 3.141592653589793115997963468544185161590576171875000000000000
 0.009694996361663019840415600469896162394434213638305664062500, 0.878158910604066145211277216731104999780654907226562500000000, 0.000000000000000000000000000000000000000000000000000000000000, 0.478369028812150098861621927426313050091266632080078125000000, 1.071999817947876021406727886642329394817352294921875000000000, 0.000000000000000000000000000000000000000000000000000000000000
 0.009694996361663019840415600469896162394434213638305664062500, 0.878158910604066034188974754215450957417488098144531250000000, 0.000000000000000000000000000000000000000000000000000000000000,-0.478369028812150320906226852457621134817600250244140625000000, 2.069592835641917538680445431964471936225891113281250000000000, 0.000000000000000000000000000000000000000000000000000000000000
 0.009694996361663019840415600469896162394434213638305664062500,-0.878158910604066145211277216731104999780654907226562500000000, 0.000000000000000000000000000000000000000000000000000000000000, 0.478369028812150098861621927426313050091266632080078125000000, 1.071999817947876021406727886642329394817352294921875000000000, 3.141592653589793115997963468544185161590576171875000000000000
 0.009694996361663019840415600469896162394434213638305664062500,-0.878158910604066034188974754215450957417488098144531250000000, 0.000000000000000000000000000000000000000000000000000000000000,-0.478369028812150320906226852457621134817600250244140625000000, 2.069592835641917538680445431964471936225891113281250000000000, 3.141592653589793115997963468544185161590576171875000000000000
 0.009694996361663019840415600469896162394434213638305664062500, 0.000000000000000000000000000000000000000000000000000000000000, 0.478369028812150209883924389941967092454433441162109375000000, 0.878158910604066145211277216731104999780654907226562500000000, 0.498796508847020758636858772661071270704269409179687500000000, 1.570796326794896557998981734272092580795288085937500000000000
 0.009694996361663019840415600469896162394434213638305664062500, 0.000000000000000000000000000000000000000000000000000000000000, 0.478369028812150098861621927426313050091266632080078125000000,-0.878158910604066145211277216731104999780654907226562500000000, 2.642796144742772579405709620914421975612640380859375000000000, 1.570796326794896557998981734272092580795288085937500000000000
 0.009694996361663019840415600469896162394434213638305664062500, 0.000000000000000000000000000000000000000000000000000000000000,-0.478369028812150209883924389941967092454433441162109375000000, 0.878158910604066145211277216731104999780654907226562500000000, 0.498796508847020758636858772661071270704269409179687500000000, 4.712388980384689673996945202816277742385864257812500000000000
 0.009694996361663019840415600469896162394434213638305664062500, 0.000000000000000000000000000000000000000000000000000000000000,-0.478369028812150098861621927426313050091266632080078125000000,-0.878158910604066145211277216731104999780654907226562500000000, 2.642796144742772579405709620914421975612640380859375000000000, 4.712388980384689673996945202816277742385864257812500000000000
 0.009694996361663019840415600469896162394434213638305664062500, 0.000000000000000000000000000000000000000000000000000000000000, 0.878158910604066145211277216731104999780654907226562500000000, 0.478369028812150098861621927426313050091266632080078125000000, 1.071999817947876021406727886642329394817352294921875000000000, 1.570796326794896557998981734272092580795288085937500000000000
 0.009694996361663019840415600469896162394434213638305664062500, 0.000000000000000000000000000000000000000000000000000000000000, 0.878158910604066034188974754215450957417488098144531250000000,-0.478369028812150320906226852457621134817600250244140625000000, 2.069592835641917538680445431964471936225891113281250000000000, 1.570796326794896557998981734272092580795288085937500000000000
 0.009694996361663019840415600469896162394434213638305664062500, 0.000000000000000000000000000000000000000000000000000000000000,-0.878158910604066145211277216731104999780654907226562500000000, 0.478369028812150098861621927426313050091266632080078125000000, 1.071999817947876021406727886642329394817352294921875000000000, 4.712388980384689673996945202816277742385864257812500000000000
 0.009694996361663019840415600469896162394434213638305664062500, 0.000000000000000000000000000000000000000000000000000000000000,-0.878158910604066034188974754215450957417488098144531250000000,-0.478369028812150320906226852457621134817600250244140625000000, 2.069592835641917538680445431964471936225891113281250000000000, 4.712388980384689673996945202816277742385864257812500000000000
