# count
86
# w,cx,cy,cz,theta,phi
 0.011544011544012281259008467770854622358456254005432128906250, 1.000000000000000000000000000000000000000000000000000000000000, 0.000000000000000000000000000000000000000000000000000000000000, 0.000000000000000000000000000000000000000000000000000000000000, 1.570796326794896557998981734272092580795288085937500000000000, 0.000000000000000000000000000000000000000000000000000000000000
 0.011544011544012281259008467770854622358456254005432128906250,-1.000000000000000000000000000000000000000000000000000000000000, 0.000000000000000000000000000000000000000000000000000000000000, 0.000000000000000000000000000000000000000000000000000000000000, 1.570796326794896557998981734272092580795288085937500000000000, 3.141592653589793115997963468544185161590576171875000000000000
 0.011544011544012281259008467770854622358456254005432128906250, 0.000000000000000000000000000000000000000000000000000000000000, 1.000000000000000000000000000000000000000000000000000000000000, 0.000000000000000000000000000000000000000000000000000000000000, 1.570796326794896557998981734272092580795288085937500000000000, 1.570796326794896557998981734272092580795288085937500000000000
 0.011544011544012281259008467770854622358456254005432128906250, 0.000000000000000000000000000000000000000000000000000000000000,-1.000000000000000000000000000000000000000000000000000000000000, 0.000000000000000000000000000000000000000000000000000000000000, 1.570796326794896557998981734272092580795288085937500000000000, 4.712388980384689673996945202816277742385864257812500000000000
 0.011544011544012281259008467770854622358456254005432128906250, 0.000000000000000000000000000000000000000000000000000000000000, 0.000000000000000000000000000000000000000000000000000000000000, 1.000000000000000000000000000000000000000000000000000000000000, 0.000000000000000000000000000000000000000000000000000000000000, 0.000000000000000000000000000000000000000000000000000000000000
 0.011544011544012281259008467770854622358456254005432128906250, 0.000000000000000000000000000000000000000000000000000000000000, 0.000000000000000000000000000000000000000000000000000000000000,-1.000000000000000000000000000000000000000000000000000000000000, 3.141592653589793115997963468544185161590576171875000000000000, 0.000000000000000000000000000000000000000000000000000000000000
 0.011943909085856289908900151885973173193633556365966796875000, 0.577350269189625731058868041145615279674530029296875000000000, 0.577350269189625731058868041145615279674530029296875000000000, 0.577350269189625731058868041145615279674530029296875000000000, 0.955316618124509298048963046312564983963966369628906250000000, 0.785398163397448278999490867136046290397644042968750000000000
 0.011943909085856289908900151885973173193633556365966796875000, 0.577350269189625731058868041145615279674530029296875000000000, 0.577350269189625731058868041145615279674530029296875000000000,-0.577350269189625731058868041145615279674530029296875000000000, 2.186276035465283928971302884747274219989776611328125000000000, 0.785398163397448278999490867136046290397644042968750000000000
 0.011943909085856289908900151885973173193633556365966796875000, 0.577350269189625731058868041145615279674530029296875000000000,-0.577350269189625731058868041145615279674530029296875000000000, 0.577350269189625731058868041145615279674530029296875000000000, 0.955316618124509298048963046312564983963966369628906250000000, 5.497787143782137952996436069952324032783508300781250000000000
 0.011943909085856289908900151885973173193633556365966796875000, 0.577350269189625731058868041145615279674530029296875000000000,-0.577350269189625731058868041145615279674530029296875000000000,-0.577350269189625731058868041145615279674530029296875000000000, 2.186276035465283928971302884747274219989776611328125000000000, 5.497787143782137952996436069952324032783508300781250000000000
 0.011943909085856289908900151885973173193633556365966796875000,-0.577350269189625731058868041145615279674530029296875000000000, 0.577350269189625731058868041145615279674530029296875000000000, 0.577350269189625731058868041145615279674530029296875000000000, 0.955316618124509298048963046312564983963966369628906250000000, 2.356194490192344836998472601408138871192932128906250000000000
 0.011943909085856289908900151885973173193633556365966796875000,-0.577350269189625731058868041145615279674530029296875000000000, 0.577350269189625731058868041145615279674530029296875000000000,-0.577350269189625731058868041145615279674530029296875000000000, 2.186276035465283928971302884747274219989776611328125000000000, 2.356194490192344836998472601408138871192932128906250000000000
 0.011943909085856289908900151885973173193633556365966796875000,-0.577350269189625731058868041145615279674530029296875000000000,-0.577350269189625731058868041145615279674530029296875000000000, 0.577350269189625731058868041145615279674530029296875000000000, 0.955316618124509298048963046312564983963966369628906250000000, 3.926990816987241394997454335680231451988220214843750000000000
 0.011943909085856289908900151885973173193633556365966796875000,-0.577350269189625731058868041145615279674530029296875000000000,-0.577350269189625731058868041145615279674530029296875000000000,-0.577350269189625731058868041145615279674530029296875000000000, 2.186276035465283928971302884747274219989776611328125000000000, 3.926990816987241394997454335680231451988220214843750000000000
 0.011110555710603270060388148010588338365778326988220214843750, 0.369602846454150091304313718865159898996353149414062500000000, 0.369602846454150091304313718865159898996353149414062500000000, 0.852518311701267683666571883804863318800926208496093750000000, 0.550011881480394149157575611752690747380256652832031250000000, 0.785398163397448278999490867136046290397644042968750000000000
 0.011110555710603270060388148010588338365778326988220214843750, 0.369602846454150091304313718865159898996353149414062500000000, 0.369602846454150091304313718865159898996353149414062500000000,-0.852518311701267683666571883804863318800926208496093750000000, 2.591580772109399077862690319307148456573486328125000000000000, 0.785398163397448278999490867136046290397644042968750000000000
 0.011110555710603270060388148010588338365778326988220214843750, 0.369602846454150091304313718865159898996353149414062500000000,-0.369602846454150091304313718865159898996353149414062500000000, 0.852518311701267683666571883804863318800926208496093750000000, 0.550011881480394149157575611752690747380256652832031250000000, 5.497787143782137952996436069952324032783508300781250000000000
 0.011110555710603270060388148010588338365778326988220214843750, 0.369602846454150091304313718865159898996353149414062500000000,-0.369602846454150091304313718865159898996353149414062500000000,-0.852518311701267683666571883804863318800926208496093750000000, 2.591580772109399077862690319307148456573486328125000000000000, 5.497787143782137952996436069952324032783508300781250000000000
 0.011110555710603270060388148010588338365778326988220214843750,-0.369602846454150091304313718865159898996353149414062500000000, 0.369602846454150091304313718865159898996353149414062500000000, 0.852518311701267683666571883804863318800926208496093750000000, 0.550011881480394149157575611752690747380256652832031250000000, 2.356194490192344836998472601408138871192932128906250000000000
 0.011110555710603270060388148010588338365778326988220214843750,-0.369602846454150091304313718865159898996353149414062500000000, 0.369602846454150091304313718865159898996353149414062500000000,-0.852518311701267683666571883804863318800926208496093750000000, 2.591580772109399077862690319307148456573486328125000000000000, 2.356194490192344836998472601408138871192932128906250000000000
 0.011110555710603270060388148010588338365778326988220214843750,-0.369602846454150091304313718865159898996353149414062500000000,-0.369602846454150091304313718865159898996353149414062500000000, 0.852518311701267683666571883804863318800926208496093750000000, 0.550011881480394149157575611752690747380256652832031250000000, 3.926990816987241394997454335680231451988220214843750000000000
 0.011110555710603270060388148010588338365778326988220214843750,-0.369602846454150091304313718865159898996353149414062500000000,-0.369602846454150091304313718865159898996353149414062500000000,-0.852518311701267683666571883804863318800926208496093750000000, 2.591580772109399077862690319307148456573486328125000000000000, 3.926990816987241394997454335680231451988220214843750000000000
 0.011110555710603270060388148010588338365778326988220214843750, 0.369602846454150091304313718865159898996353149414062500000000, 0.852518311701267683666571883804863318800926208496093750000000, 0.369602846454150091304313718865159898996353149414062500000000, 1.192214761622773400162600410112645477056503295898437500000000, 1.161712484893038688227306920452974736690521240234375000000000
 0.011110555710603270060388148010588338365778326988220214843750, 0.369602846454150091304313718865159898996353149414062500000000,-0.852518311701267683666571883804863318800926208496093750000000, 0.369602846454150091304313718865159898996353149414062500000000, 1.192214761622773400162600410112645477056503295898437500000000, 5.121472822286547099679410166572779417037963867187500000000000
 0.011110555710603270060388148010588338365778326988220214843750, 0.369602846454150091304313718865159898996353149414062500000000, 0.852518311701267572644269421289209276437759399414062500000000,-0.369602846454150424371221106412122026085853576660156250000000, 1.949377891967020159924572908494155853986740112304687500000000, 1.161712484893038688227306920452974736690521240234375000000000
 0.011110555710603270060388148010588338365778326988220214843750, 0.369602846454150091304313718865159898996353149414062500000000,-0.852518311701267572644269421289209276437759399414062500000000,-0.369602846454150424371221106412122026085853576660156250000000, 1.949377891967020159924572908494155853986740112304687500000000, 5.121472822286547099679410166572779417037963867187500000000000
 0.011110555710603270060388148010588338365778326988220214843750,-0.369602846454150313348918643896467983722686767578125000000000, 0.852518311701267572644269421289209276437759399414062500000000, 0.369602846454150091304313718865159898996353149414062500000000, 1.192214761622773400162600410112645477056503295898437500000000, 1.979880168696754649815261473122518509626388549804687500000000
 0.011110555710603270060388148010588338365778326988220214843750,-0.369602846454150313348918643896467983722686767578125000000000,-0.852518311701267572644269421289209276437759399414062500000000, 0.369602846454150091304313718865159898996353149414062500000000, 1.192214761622773400162600410112645477056503295898437500000000, 4.303305138482831360136060538934543728828430175781250000000000
 0.011110555710603270060388148010588338365778326988220214843750,-0.369602846454150313348918643896467983722686767578125000000000, 0.852518311701267461621966958773555234074592590332031250000000,-0.369602846454150424371221106412122026085853576660156250000000, 1.949377891967020159924572908494155853986740112304687500000000, 1.979880168696754871859866398153826594352722167968750000000000
 0.011110555710603270060388148010588338365778326988220214843750,-0.369602846454150313348918643896467983722686767578125000000000,-0.852518311701267461621966958773555234074592590332031250000000,-0.369602846454150424371221106412122026085853576660156250000000, 1.949377891967020159924572908494155853986740112304687500000000, 4.303305138482831360136060538934543728828430175781250000000000
 0.011110555710603270060388148010588338365778326988220214843750, 0.852518311701267683666571883804863318800926208496093750000000, 0.369602846454150091304313718865159898996353149414062500000000, 0.369602846454150091304313718865159898996353149414062500000000, 1.192214761622773400162600410112645477056503295898437500000000, 0.409083841901857869771674813819117844104766845703125000000000
 0.011110555710603270060388148010588338365778326988220214843750,-0.852518311701267794688874346320517361164093017578125000000000, 0.369602846454149924770860025091678835451602935791015625000000, 0.369602846454150091304313718865159898996353149414062500000000, 1.192214761622773400162600410112645477056503295898437500000000, 2.732508811687935690315498504787683486938476562500000000000000
 0.011110555710603270060388148010588338365778326988220214843750, 0.852518311701267572644269421289209276437759399414062500000000, 0.369602846454150091304313718865159898996353149414062500000000,-0.369602846454150424371221106412122026085853576660156250000000, 1.949377891967020159924572908494155853986740112304687500000000, 0.409083841901857925282826045076944865286350250244140625000000
 0.011110555710603270060388148010588338365778326988220214843750,-0.852518311701267683666571883804863318800926208496093750000000, 0.369602846454149924770860025091678835451602935791015625000000,-0.369602846454150424371221106412122026085853576660156250000000, 1.949377891967020159924572908494155853986740112304687500000000, 2.732508811687935690315498504787683486938476562500000000000000
 0.011110555710603270060388148010588338365778326988220214843750, 0.852518311701267683666571883804863318800926208496093750000000,-0.369602846454150091304313718865159898996353149414062500000000, 0.369602846454150091304313718865159898996353149414062500000000, 1.192214761622773400162600410112645477056503295898437500000000, 5.874101465277728806313461973331868648529052734375000000000000
 0.011110555710603270060388148010588338365778326988220214843750,-0.852518311701267794688874346320517361164093017578125000000000,-0.369602846454149924770860025091678835451602935791015625000000, 0.369602846454150091304313718865159898996353149414062500000000, 1.192214761622773400162600410112645477056503295898437500000000, 3.550676495491650541680428432300686836242675781250000000000000
 0.011110555710603270060388148010588338365778326988220214843750, 0.852518311701267572644269421289209276437759399414062500000000,-0.369602846454150091304313718865159898996353149414062500000000,-0.369602846454150424371221106412122026085853576660156250000000, 1.949377891967020159924572908494155853986740112304687500000000, 5.874101465277727918135042273206636309623718261718750000000000
 0.011110555710603270060388148010588338365778326988220214843750,-0.852518311701267683666571883804863318800926208496093750000000,-0.369602846454149924770860025091678835451602935791015625000000,-0.369602846454150424371221106412122026085853576660156250000000, 1.949377891967020159924572908494155853986740112304687500000000, 3.550676495491650541680428432300686836242675781250000000000000
 0.011876501294537288033748012594514875672757625579833984375000, 0.694354006602666329328599204018246382474899291992187500000000, 0.694354006602666329328599204018246382474899291992187500000000, 0.189063552885394808855679116277315188199281692504882812500000, 1.380587914239558289253295697562862187623977661132812500000000, 0.785398163397448278999490867136046290397644042968750000000000
 0.011876501294537288033748012594514875672757625579833984375000, 0.694354006602666329328599204018246382474899291992187500000000, 0.694354006602666329328599204018246382474899291992187500000000,-0.189063552885394808855679116277315188199281692504882812500000, 1.761004739350234826744667770981322973966598510742187500000000, 0.785398163397448278999490867136046290397644042968750000000000
 0.011876501294537288033748012594514875672757625579833984375000, 0.694354006602666329328599204018246382474899291992187500000000,-0.694354006602666329328599204018246382474899291992187500000000, 0.189063552885394808855679116277315188199281692504882812500000, 1.380587914239558289253295697562862187623977661132812500000000, 5.497787143782137952996436069952324032783508300781250000000000
 0.011876501294537288033748012594514875672757625579833984375000, 0.694354006602666329328599204018246382474899291992187500000000,-0.694354006602666329328599204018246382474899291992187500000000,-0.189063552885394808855679116277315188199281692504882812500000, 1.761004739350234826744667770981322973966598510742187500000000, 5.497787143782137952996436069952324032783508300781250000000000
 0.011876501294537288033748012594514875672757625579833984375000,-0.694354006602666329328599204018246382474899291992187500000000, 0.694354006602666329328599204018246382474899291992187500000000, 0.189063552885394808855679116277315188199281692504882812500000, 1.380587914239558289253295697562862187623977661132812500000000, 2.356194490192344836998472601408138871192932128906250000000000
 0.011876501294537288033748012594514875672757625579833984375000,-0.694354006602666329328599204018246382474899291992187500000000, 0.694354006602666329328599204018246382474899291992187500000000,-0.189063552885394808855679116277315188199281692504882812500000, 1.761004739350234826744667770981322973966598510742187500000000, 2.356194490192344836998472601408138871192932128906250000000000
 0.011876501294537288033748012594514875672757625579833984375000,-0.694354006602666329328599204018246382474899291992187500000000,-0.694354006602666329328599204018246382474899291992187500000000, 0.189063552885394808855679116277315188199281692504882812500000, 1.380587914239558289253295697562862187623977661132812500000000, 3.926990816987241394997454335680231451988220214843750000000000
 0.011876501294537288033748012594514875672757625579833984375000,-0.694354006602666329328599204018246382474899291992187500000000,-0.694354006602666329328599204018246382474899291992187500000000,-0.189063552885394808855679116277315188199281692504882812500000, 1.761004739350234826744667770981322973966598510742187500000000, 3.926990816987241394997454335680231451988220214843750000000000
 0.011876501294537288033748012594514875672757625579833984375000, 0.694354006602666551373204129049554467201232910156250000000000, 0.189063552885394808855679116277315188199281692504882812500000, 0.694354006602666329328599204018246382474899291992187500000000, 0.803274485074728539224508949700975790619850158691406250000000, 0.265842188925164868429362741153454408049583435058593750000000
 0.011876501294537288033748012594514875672757625579833984375000, 0.694354006602666551373204129049554467201232910156250000000000,-0.189063552885394808855679116277315188199281692504882812500000, 0.694354006602666329328599204018246382474899291992187500000000, 0.803274485074728539224508949700975790619850158691406250000000, 6.017343118254421696633471583481878042221069335937500000000000
 0.011876501294537288033748012594514875672757625579833984375000, 0.694354006602666440350901666533900424838066101074218750000000, 0.189063552885394697833376653761661145836114883422851562500000,-0.694354006602666551373204129049554467201232910156250000000000, 2.338318168515065131884966831421479582786560058593750000000000, 0.265842188925164757407060278637800365686416625976562500000000
 0.011876501294537288033748012594514875672757625579833984375000, 0.694354006602666440350901666533900424838066101074218750000000,-0.189063552885394697833376653761661145836114883422851562500000,-0.694354006602666551373204129049554467201232910156250000000000, 2.338318168515065131884966831421479582786560058593750000000000, 6.017343118254421696633471583481878042221069335937500000000000
 0.011876501294537288033748012594514875672757625579833984375000,-0.694354006602666551373204129049554467201232910156250000000000, 0.189063552885394697833376653761661145836114883422851562500000, 0.694354006602666329328599204018246382474899291992187500000000, 0.803274485074728539224508949700975790619850158691406250000000, 2.875750464664628580635508114937692880630493164062500000000000
 0.011876501294537288033748012594514875672757625579833984375000,-0.694354006602666551373204129049554467201232910156250000000000,-0.189063552885394697833376653761661145836114883422851562500000, 0.694354006602666329328599204018246382474899291992187500000000, 0.803274485074728539224508949700975790619850158691406250000000, 3.407434842514957651360418822150677442550659179687500000000000
 0.011876501294537288033748012594514875672757625579833984375000,-0.694354006602666440350901666533900424838066101074218750000000, 0.189063552885394697833376653761661145836114883422851562500000,-0.694354006602666551373204129049554467201232910156250000000000, 2.338318168515065131884966831421479582786560058593750000000000, 2.875750464664628580635508114937692880630493164062500000000000
 0.011876501294537288033748012594514875672757625579833984375000,-0.694354006602666440350901666533900424838066101074218750000000,-0.189063552885394697833376653761661145836114883422851562500000,-0.694354006602666551373204129049554467201232910156250000000000, 2.338318168515065131884966831421479582786560058593750000000000, 3.407434842514957651360418822150677442550659179687500000000000
 0.011876501294537288033748012594514875672757625579833984375000, 0.189063552885394892122405963164055719971656799316406250000000, 0.694354006602666440350901666533900424838066101074218750000000, 0.694354006602666329328599204018246382474899291992187500000000, 0.803274485074728428202206487185321748256683349609375000000000, 1.304954137869731578547316530602984130382537841796875000000000
 0.011876501294537288033748012594514875672757625579833984375000,-0.189063552885394892122405963164055719971656799316406250000000, 0.694354006602666440350901666533900424838066101074218750000000, 0.694354006602666329328599204018246382474899291992187500000000, 0.803274485074728428202206487185321748256683349609375000000000, 1.836638515720061537450646937941201031208038330078125000000000
 0.011876501294537288033748012594514875672757625579833984375000, 0.189063552885394892122405963164055719971656799316406250000000, 0.694354006602666329328599204018246382474899291992187500000000,-0.694354006602666551373204129049554467201232910156250000000000, 2.338318168515065131884966831421479582786560058593750000000000, 1.304954137869731578547316530602984130382537841796875000000000
 0.011876501294537288033748012594514875672757625579833984375000,-0.189063552885394892122405963164055719971656799316406250000000, 0.694354006602666329328599204018246382474899291992187500000000,-0.694354006602666551373204129049554467201232910156250000000000, 2.338318168515065131884966831421479582786560058593750000000000, 1.836638515720061759495251862972509115934371948242187500000000
 0.011876501294537288033748012594514875672757625579833984375000, 0.189063552885394892122405963164055719971656799316406250000000,-0.694354006602666440350901666533900424838066101074218750000000, 0.694354006602666329328599204018246382474899291992187500000000, 0.803274485074728428202206487185321748256683349609375000000000, 4.978231169309854209359400556422770023345947265625000000000000
 0.011876501294537288033748012594514875672757625579833984375000,-0.189063552885394892122405963164055719971656799316406250000000,-0.694354006602666440350901666533900424838066101074218750000000, 0.694354006602666329328599204018246382474899291992187500000000, 0.803274485074728428202206487185321748256683349609375000000000, 4.446546791459525138634489849209785461425781250000000000000000
 0.011876501294537288033748012594514875672757625579833984375000, 0.189063552885394892122405963164055719971656799316406250000000,-0.694354006602666329328599204018246382474899291992187500000000,-0.694354006602666551373204129049554467201232910156250000000000, 2.338318168515065131884966831421479582786560058593750000000000, 4.978231169309854209359400556422770023345947265625000000000000
 0.011876501294537288033748012594514875672757625579833984375000,-0.189063552885394892122405963164055719971656799316406250000000,-0.694354006602666329328599204018246382474899291992187500000000,-0.694354006602666551373204129049554467201232910156250000000000, 2.338318168515065131884966831421479582786560058593750000000000, 4.446546791459524250456070149084553122520446777343750000000000
 0.011812303746904288109798031314312538597732782363891601562500, 0.374243039090341123031890901984297670423984527587890625000000, 0.927330657151172466079458445165073499083518981933593750000000, 0.000000000000000000000000000000000000000000000000000000000000, 1.570796326794896557998981734272092580795288085937500000000000, 1.187215966283157619898247503442689776420593261718750000000000
 0.011812303746904288109798031314312538597732782363891601562500, 0.374243039090341123031890901984297670423984527587890625000000,-0.927330657151172466079458445165073499083518981933593750000000, 0.000000000000000000000000000000000000000000000000000000000000, 1.570796326794896557998981734272092580795288085937500000000000, 5.095969340896428612097679433645680546760559082031250000000000
 0.011812303746904288109798031314312538597732782363891601562500,-0.374243039090341289565344595757778733968734741210937500000000, 0.927330657151172355057155982649419456720352172851562500000000, 0.000000000000000000000000000000000000000000000000000000000000, 1.570796326794896557998981734272092580795288085937500000000000, 1.954376687306635718144320890132803469896316528320312500000000
 0.011812303746904288109798031314312538597732782363891601562500,-0.374243039090341289565344595757778733968734741210937500000000,-0.927330657151172355057155982649419456720352172851562500000000, 0.000000000000000000000000000000000000000000000000000000000000, 1.570796326794896557998981734272092580795288085937500000000000, 4.328808619872950735896210971986874938011169433593750000000000
 0.011812303746904288109798031314312538597732782363891601562500, 0.927330657151172466079458445165073499083518981933593750000000, 0.374243039090341123031890901984297670423984527587890625000000, 0.000000000000000000000000000000000000000000000000000000000000, 1.570796326794896557998981734272092580795288085937500000000000, 0.383580360511738938100734230829402804374694824218750000000000
 0.011812303746904288109798031314312538597732782363891601562500, 0.927330657151172466079458445165073499083518981933593750000000,-0.374243039090341123031890901984297670423984527587890625000000, 0.000000000000000000000000000000000000000000000000000000000000, 1.570796326794896557998981734272092580795288085937500000000000, 5.899604946667847293895192706258967518806457519531250000000000
 0.011812303746904288109798031314312538597732782363891601562500,-0.927330657151172355057155982649419456720352172851562500000000, 0.374243039090341289565344595757778733968734741210937500000000, 0.000000000000000000000000000000000000000000000000000000000000, 1.570796326794896557998981734272092580795288085937500000000000, 2.758012293078054177897229237714782357215881347656250000000000
 0.011812303746904288109798031314312538597732782363891601562500,-0.927330657151172355057155982649419456720352172851562500000000,-0.374243039090341289565344595757778733968734741210937500000000, 0.000000000000000000000000000000000000000000000000000000000000, 1.570796326794896557998981734272092580795288085937500000000000, 3.525173014101532054098697699373587965965270996093750000000000
 0.011812303746904288109798031314312538597732782363891601562500, 0.374243039090341123031890901984297670423984527587890625000000, 0.000000000000000000000000000000000000000000000000000000000000, 0.927330657151172466079458445165073499083518981933593750000000, 0.383580360511738993611885462087229825556278228759765625000000, 0.000000000000000000000000000000000000000000000000000000000000
 0.011812303746904288109798031314312538597732782363891601562500, 0.374243039090341289565344595757778733968734741210937500000000, 0.000000000000000000000000000000000000000000000000000000000000,-0.927330657151172355057155982649419456720352172851562500000000, 2.758012293078054177897229237714782357215881347656250000000000, 0.000000000000000000000000000000000000000000000000000000000000
 0.011812303746904288109798031314312538597732782363891601562500,-0.374243039090341123031890901984297670423984527587890625000000, 0.000000000000000000000000000000000000000000000000000000000000, 0.927330657151172466079458445165073499083518981933593750000000, 0.383580360511738993611885462087229825556278228759765625000000, 3.141592653589793115997963468544185161590576171875000000000000
 0.011812303746904288109798031314312538597732782363891601562500,-0.374243039090341289565344595757778733968734741210937500000000, 0.000000000000000000000000000000000000000000000000000000000000,-0.927330657151172355057155982649419456720352172851562500000000, 2.758012293078054177897229237714782357215881347656250000000000, 3.141592653589793115997963468544185161590576171875000000000000
 0.011812303746904288109798031314312538597732782363891601562500, 0.927330657151172466079458445165073499083518981933593750000000, 0.000000000000000000000000000000000000000000000000000000000000, 0.374243039090341123031890901984297670423984527587890625000000, 1.187215966283157619898247503442689776420593261718750000000000, 0.000000000000000000000000000000000000000000000000000000000000
 0.011812303746904288109798031314312538597732782363891601562500, 0.927330657151172355057155982649419456720352172851562500000000, 0.000000000000000000000000000000000000000000000000000000000000,-0.374243039090341289565344595757778733968734741210937500000000, 1.954376687306635718144320890132803469896316528320312500000000, 0.000000000000000000000000000000000000000000000000000000000000
 0.011812303746904288109798031314312538597732782363891601562500,-0.927330657151172466079458445165073499083518981933593750000000, 0.000000000000000000000000000000000000000000000000000000000000, 0.374243039090341123031890901984297670423984527587890625000000, 1.187215966283157619898247503442689776420593261718750000000000, 3.141592653589793115997963468544185161590576171875000000000000
 0.011812303746904288109798031314312538597732782363891601562500,-0.927330657151172355057155982649419456720352172851562500000000, 0.000000000000000000000000000000000000000000000000000000000000,-0.374243039090341289565344595757778733968734741210937500000000, 1.954376687306635718144320890132803469896316528320312500000000, 3.141592653589793115997963468544185161590576171875000000000000
 0.011812303746904288109798031314312538597732782363891601562500, 0.000000000000000000000000000000000000000000000000000000000000, 0.374243039090341123031890901984297670423984527587890625000000, 0.927330657151172466079458445165073499083518981933593750000000, 0.383580360511738993611885462087229825556278228759765625000000, 1.570796326794896557998981734272092580795288085937500000000000
 0.011812303746904288109798031314312538597732782363891601562500, 0.000000000000000000000000000000000000000000000000000000000000, 0.374243039090341289565344595757778733968734741210937500000000,-0.927330657151172355057155982649419456720352172851562500000000, 2.758012293078054177897229237714782357215881347656250000000000, 1.570796326794896557998981734272092580795288085937500000000000
 0.011812303746904288109798031314312538597732782363891601562500, 0.000000000000000000000000000000000000000000000000000000000000,-0.374243039090341123031890901984297670423984527587890625000000, 0.927330657151172466079458445165073499083518981933593750000000, 0.383580360511738993611885462087229825556278228759765625000000, 4.712388980384689673996945202816277742385864257812500000000000
 0.011812303746904288109798031314312538597732782363891601562500, 0.000000000000000000000000000000000000000000000000000000000000,-0.374243039090341289565344595757778733968734741210937500000000,-0.927330657151172355057155982649419456720352172851562500000000, 2.758012293078054177897229237714782357215881347656250000000000, 4.712388980384689673996945202816277742385864257812500000000000
 0.011812303746904288109798031314312538597732782363891601562500, 0.000000000000000000000000000000000000000000000000000000000000, 0.927330657151172466079458445165073499083518981933593750000000, 0.374243039090341123031890901984297670423984527587890625000000, 1.187215966283157619898247503442689776420593261718750000000000, 1.570796326794896557998981734272092580795288085937500000000000
 0.011812303746904288109798031314312538597732782363891601562500, 0.000000000000000000000000000000000000000000000000000000000000, 0.927330657151172355057155982649419456720352172851562500000000,-0.374243039090341289565344595757778733968734741210937500000000, 1.954376687306635718144320890132803469896316528320312500000000, 1.570796326794896557998981734272092580795288085937500000000000
 0.011812303746904288109798031314312538597732782363891601562500, 0.000000000000000000000000000000000000000000000000000000000000,-0.927330657151172466079458445165073499083518981933593750000000, 0.374243039090341123031890901984297670423984527587890625000000, 1.187215966283157619898247503442689776420593261718750000000000, 4.712388980384689673996945202816277742385864257812500000000000
 0.011812303746904288109798031314312538597732782363891601562500, 0.000000000000000000000000000000000000000000000000000000000000,-0.927330657151172355057155982649419456720352172851562500000000,-0.374243039090341289565344595757778733968734741210937500000000, 1.954376687306635718144320890132803469896316528320312500000000, 4.712388980384689673996945202816277742385864257812500000000000
