# count
50
# w,cx,cy,cz,theta,phi
 0.012698412698412974222716975702951458515599370002746582031250, 1.000000000000000000000000000000000000000000000000000000000000, 0.000000000000000000000000000000000000000000000000000000000000, 0.000000000000000000000000000000000000000000000000000000000000, 1.570796326794896557998981734272092580795288085937500000000000, 0.000000000000000000000000000000000000000000000000000000000000
 0.012698412698412974222716975702951458515599370002746582031250,-1.000000000000000000000000000000000000000000000000000000000000, 0.000000000000000000000000000000000000000000000000000000000000, 0.000000000000000000000000000000000000000000000000000000000000, 1.570796326794896557998981734272092580795288085937500000000000, 3.141592653589793115997963468544185161590576171875000000000000
 0.012698412698412974222716975702951458515599370002746582031250, 0.000000000000000000000000000000000000000000000000000000000000, 1.000000000000000000000000000000000000000000000000000000000000, 0.000000000000000000000000000000000000000000000000000000000000, 1.570796326794896557998981734272092580795288085937500000000000, 1.570796326794896557998981734272092580795288085937500000000000
 0.012698412698412974222716975702951458515599370002746582031250, 0.000000000000000000000000000000000000000000000000000000000000,-1.000000000000000000000000000000000000000000000000000000000000, 0.000000000000000000000000000000000000000000000000000000000000, 1.570796326794896557998981734272092580795288085937500000000000, 4.712388980384689673996945202816277742385864257812500000000000
 0.012698412698412974222716975702951458515599370002746582031250, 0.000000000000000000000000000000000000000000000000000000000000, 0.000000000000000000000000000000000000000000000000000000000000, 1.000000000000000000000000000000000000000000000000000000000000, 0.000000000000000000000000000000000000000000000000000000000000, 0.000000000000000000000000000000000000000000000000000000000000
 0.012698412698412974222716975702951458515599370002746582031250, 0.000000000000000000000000000000000000000000000000000000000000, 0.000000000000000000000000000000000000000000000000000000000000,-1.000000000000000000000000000000000000000000000000000000000000, 3.141592653589793115997963468544185161590576171875000000000000, 0.000000000000000000000000000000000000000000000000000000000000
 0.022574955908288951711426761903567239642143249511718750000000, 0.000000000000000000000000000000000000000000000000000000000000, 0.707106781186547461715008466853760182857513427734375000000000, 0.707106781186547461715008466853760182857513427734375000000000, 0.785398163397448278999490867136046290397644042968750000000000, 1.570796326794896557998981734272092580795288085937500000000000
 0.022574955908288951711426761903567239642143249511718750000000, 0.000000000000000000000000000000000000000000000000000000000000, 0.707106781186547461715008466853760182857513427734375000000000,-0.707106781186547461715008466853760182857513427734375000000000, 2.356194490192344836998472601408138871192932128906250000000000, 1.570796326794896557998981734272092580795288085937500000000000
 0.022574955908288951711426761903567239642143249511718750000000, 0.000000000000000000000000000000000000000000000000000000000000,-0.707106781186547461715008466853760182857513427734375000000000, 0.707106781186547461715008466853760182857513427734375000000000, 0.785398163397448278999490867136046290397644042968750000000000, 4.712388980384689673996945202816277742385864257812500000000000
 0.022574955908288951711426761903567239642143249511718750000000, 0.000000000000000000000000000000000000000000000000000000000000,-0.707106781186547461715008466853760182857513427734375000000000,-0.707106781186547461715008466853760182857513427734375000000000, 2.356194490192344836998472601408138871192932128906250000000000, 4.712388980384689673996945202816277742385864257812500000000000
 0.022574955908288951711426761903567239642143249511718750000000, 0.707106781186547461715008466853760182857513427734375000000000, 0.000000000000000000000000000000000000000000000000000000000000, 0.707106781186547461715008466853760182857513427734375000000000, 0.785398163397448278999490867136046290397644042968750000000000, 0.000000000000000000000000000000000000000000000000000000000000
 0.022574955908288951711426761903567239642143249511718750000000, 0.707106781186547461715008466853760182857513427734375000000000, 0.000000000000000000000000000000000000000000000000000000000000,-0.707106781186547461715008466853760182857513427734375000000000, 2.356194490192344836998472601408138871192932128906250000000000, 0.000000000000000000000000000000000000000000000000000000000000
 0.022574955908288951711426761903567239642143249511718750000000,-0.707106781186547461715008466853760182857513427734375000000000, 0.000000000000000000000000000000000000000000000000000000000000, 0.707106781186547461715008466853760182857513427734375000000000, 0.785398163397448278999490867136046290397644042968750000000000, 3.141592653589793115997963468544185161590576171875000000000000
 0.022574955908288951711426761903567239642143249511718750000000,-0.707106781186547461715008466853760182857513427734375000000000, 0.000000000000000000000000000000000000000000000000000000000000,-0.707106781186547461715008466853760182857513427734375000000000, 2.356194490192344836998472601408138871192932128906250000000000, 3.141592653589793115997963468544185161590576171875000000000000
 0.022574955908288951711426761903567239642143249511718750000000, 0.707106781186547461715008466853760182857513427734375000000000, 0.707106781186547461715008466853760182857513427734375000000000, 0.000000000000000000000000000000000000000000000000000000000000, 1.570796326794896557998981734272092580795288085937500000000000, 0.785398163397448278999490867136046290397644042968750000000000
 0.022574955908288951711426761903567239642143249511718750000000, 0.707106781186547461715008466853760182857513427734375000000000,-0.707106781186547461715008466853760182857513427734375000000000, 0.000000000000000000000000000000000000000000000000000000000000, 1.570796326794896557998981734272092580795288085937500000000000, 5.497787143782137952996436069952324032783508300781250000000000
 0.022574955908288951711426761903567239642143249511718750000000,-0.707106781186547461715008466853760182857513427734375000000000, 0.707106781186547461715008466853760182857513427734375000000000, 0.000000000000000000000000000000000000000000000000000000000000, 1.570796326794896557998981734272092580795288085937500000000000, 2.356194490192344836998472601408138871192932128906250000000000
 0.022574955908288951711426761903567239642143249511718750000000,-0.707106781186547461715008466853760182857513427734375000000000,-0.707106781186547461715008466853760182857513427734375000000000, 0.000000000000000000000000000000000000000000000000000000000000, 1.570796326794896557998981734272092580795288085937500000000000, 3.926990816987241394997454335680231451988220214843750000000000
 0.021093749999999956284968405384461220819503068923950195312500, 0.577350269189625731058868041145615279674530029296875000000000, 0.577350269189625731058868041145615279674530029296875000000000, 0.577350269189625731058868041145615279674530029296875000000000, 0.955316618124509298048963046312564983963966369628906250000000, 0.785398163397448278999490867136046290397644042968750000000000
 0.021093749999999956284968405384461220819503068923950195312500, 0.577350269189625731058868041145615279674530029296875000000000, 0.577350269189625731058868041145615279674530029296875000000000,-0.577350269189625731058868041145615279674530029296875000000000, 2.186276035465283928971302884747274219989776611328125000000000, 0.785398163397448278999490867136046290397644042968750000000000
 0.021093749999999956284968405384461220819503068923950195312500, 0.577350269189625731058868041145615279674530029296875000000000,-0.577350269189625731058868041145615279674530029296875000000000, 0.577350269189625731058868041145615279674530029296875000000000, 0.955316618124509298048963046312564983963966369628906250000000, 5.497787143782137952996436069952324032783508300781250000000000
 0.021093749999999956284968405384461220819503068923950195312500, 0.577350269189625731058868041145615279674530029296875000000000,-0.577350269189625731058868041145615279674530029296875000000000,-0.577350269189625731058868041145615279674530029296875000000000, 2.186276035465283928971302884747274219989776611328125000000000, 5.497787143782137952996436069952324032783508300781250000000000
 0.021093749999999956284968405384461220819503068923950195312500,-0.577350269189625731058868041145615279674530029296875000000000, 0.577350269189625731058868041145615279674530029296875000000000, 0.577350269189625731058868041145615279674530029296875000000000, 0.955316618124509298048963046312564983963966369628906250000000, 2.356194490192344836998472601408138871192932128906250000000000
 0.021093749999999956284968405384461220819503068923950195312500,-0.577350269189625731058868041145615279674530029296875000000000, 0.577350269189625731058868041145615279674530029296875000000000,-0.577350269189625731058868041145615279674530029296875000000000, 2.186276035465283928971302884747274219989776611328125000000000, 2.356194490192344836998472601408138871192932128906250000000000
 0.021093749999999956284968405384461220819503068923950195312500,-0.577350269189625731058868041145615279674530029296875000000000,-0.577350269189625731058868041145615279674530029296875000000000, 0.577350269189625731058868041145615279674530029296875000000000, 0.955316618124509298048963046312564983963966369628906250000000, 3.926990816987241394997454335680231451988220214843750000000000
 0.021093749999999956284968405384461220819503068923950195312500,-0.577350269189625731058868041145615279674530029296875000000000,-0.577350269189625731058868041145615279674530029296875000000000,-0.577350269189625731058868041145615279674530029296875000000000, 2.186276035465283928971302884747274219989776611328125000000000, 3.926990816987241394997454335680231451988220214843750000000000
 0.020173335537918956478220522399169567506760358810424804687500, 0.301511344577763518159940758778247982263565063476562500000000, 0.301511344577763518159940758778247982263565063476562500000000, 0.904534033733290887546729663881706073880195617675781250000000, 0.440510663004698155287286454040440730750560760498046875000000, 0.785398163397448278999490867136046290397644042968750000000000
 0.020173335537918956478220522399169567506760358810424804687500, 0.301511344577763684693394452551729045808315277099609375000000, 0.301511344577763684693394452551729045808315277099609375000000,-0.904534033733290776524427201366052031517028808593750000000000, 2.701081990585094683154920858214609324932098388671875000000000, 0.785398163397448278999490867136046290397644042968750000000000
 0.020173335537918956478220522399169567506760358810424804687500, 0.301511344577763518159940758778247982263565063476562500000000,-0.301511344577763518159940758778247982263565063476562500000000, 0.904534033733290887546729663881706073880195617675781250000000, 0.440510663004698155287286454040440730750560760498046875000000, 5.497787143782137952996436069952324032783508300781250000000000
 0.020173335537918956478220522399169567506760358810424804687500, 0.301511344577763684693394452551729045808315277099609375000000,-0.301511344577763684693394452551729045808315277099609375000000,-0.904534033733290776524427201366052031517028808593750000000000, 2.701081990585094683154920858214609324932098388671875000000000, 5.497787143782137952996436069952324032783508300781250000000000
 0.020173335537918956478220522399169567506760358810424804687500,-0.301511344577763518159940758778247982263565063476562500000000, 0.301511344577763518159940758778247982263565063476562500000000, 0.904534033733290887546729663881706073880195617675781250000000, 0.440510663004698155287286454040440730750560760498046875000000, 2.356194490192344836998472601408138871192932128906250000000000
 0.020173335537918956478220522399169567506760358810424804687500,-0.301511344577763684693394452551729045808315277099609375000000, 0.301511344577763684693394452551729045808315277099609375000000,-0.904534033733290776524427201366052031517028808593750000000000, 2.701081990585094683154920858214609324932098388671875000000000, 2.356194490192344836998472601408138871192932128906250000000000
 0.020173335537918956478220522399169567506760358810424804687500,-0.301511344577763518159940758778247982263565063476562500000000,-0.301511344577763518159940758778247982263565063476562500000000, 0.904534033733290887546729663881706073880195617675781250000000, 0.440510663004698155287286454040440730750560760498046875000000, 3.926990816987241394997454335680231451988220214843750000000000
 0.020173335537918956478220522399169567506760358810424804687500,-0.301511344577763684693394452551729045808315277099609375000000,-0.301511344577763684693394452551729045808315277099609375000000,-0.904534033733290776524427201366052031517028808593750000000000, 2.701081990585094683154920858214609324932098388671875000000000, 3.926990816987241394997454335680231451988220214843750000000000
 0.020173335537918956478220522399169567506760358810424804687500, 0.301511344577763573671091990036075003445148468017578125000000, 0.904534033733290887546729663881706073880195617675781250000000, 0.301511344577763573671091990036075003445148468017578125000000, 1.264518957625227146834845370904076844453811645507812500000000, 1.249045772398254428026120876893401145935058593750000000000000
 0.020173335537918956478220522399169567506760358810424804687500, 0.301511344577763573671091990036075003445148468017578125000000,-0.904534033733290887546729663881706073880195617675781250000000, 0.301511344577763573671091990036075003445148468017578125000000, 1.264518957625227146834845370904076844453811645507812500000000, 5.034139534781331803969806060194969177246093750000000000000000
 0.020173335537918956478220522399169567506760358810424804687500, 0.301511344577763573671091990036075003445148468017578125000000, 0.904534033733290887546729663881706073880195617675781250000000,-0.301511344577763573671091990036075003445148468017578125000000, 1.877073695964565969163118097640108317136764526367187500000000, 1.249045772398254428026120876893401145935058593750000000000000
 0.020173335537918956478220522399169567506760358810424804687500, 0.301511344577763573671091990036075003445148468017578125000000,-0.904534033733290887546729663881706073880195617675781250000000,-0.301511344577763573671091990036075003445148468017578125000000, 1.877073695964565969163118097640108317136764526367187500000000, 5.034139534781331803969806060194969177246093750000000000000000
 0.020173335537918956478220522399169567506760358810424804687500,-0.301511344577763573671091990036075003445148468017578125000000, 0.904534033733290887546729663881706073880195617675781250000000, 0.301511344577763573671091990036075003445148468017578125000000, 1.264518957625227146834845370904076844453811645507812500000000, 1.892546881191538687971842591650784015655517578125000000000000
 0.020173335537918956478220522399169567506760358810424804687500,-0.301511344577763573671091990036075003445148468017578125000000,-0.904534033733290887546729663881706073880195617675781250000000, 0.301511344577763573671091990036075003445148468017578125000000, 1.264518957625227146834845370904076844453811645507812500000000, 4.390638425988047544024084345437586307525634765625000000000000
 0.020173335537918956478220522399169567506760358810424804687500,-0.301511344577763573671091990036075003445148468017578125000000, 0.904534033733290887546729663881706073880195617675781250000000,-0.301511344577763573671091990036075003445148468017578125000000, 1.877073695964565969163118097640108317136764526367187500000000, 1.892546881191538687971842591650784015655517578125000000000000
 0.020173335537918956478220522399169567506760358810424804687500,-0.301511344577763573671091990036075003445148468017578125000000,-0.904534033733290887546729663881706073880195617675781250000000,-0.301511344577763573671091990036075003445148468017578125000000, 1.877073695964565969163118097640108317136764526367187500000000, 4.390638425988047544024084345437586307525634765625000000000000
 0.020173335537918956478220522399169567506760358810424804687500, 0.904534033733290887546729663881706073880195617675781250000000, 0.301511344577763684693394452551729045808315277099609375000000, 0.301511344577763573671091990036075003445148468017578125000000, 1.264518957625227146834845370904076844453811645507812500000000, 0.321750554396642240995163319894345477223396301269531250000000
 0.020173335537918956478220522399169567506760358810424804687500,-0.904534033733290998569032126397360116243362426757812500000000, 0.301511344577763407137638296262593939900398254394531250000000, 0.301511344577763573671091990036075003445148468017578125000000, 1.264518957625227146834845370904076844453811645507812500000000, 2.819842099193151430114312461228109896183013916015625000000000
 0.020173335537918956478220522399169567506760358810424804687500, 0.904534033733290887546729663881706073880195617675781250000000, 0.301511344577763684693394452551729045808315277099609375000000,-0.301511344577763573671091990036075003445148468017578125000000, 1.877073695964565969163118097640108317136764526367187500000000, 0.321750554396642240995163319894345477223396301269531250000000
 0.020173335537918956478220522399169567506760358810424804687500,-0.904534033733290998569032126397360116243362426757812500000000, 0.301511344577763407137638296262593939900398254394531250000000,-0.301511344577763573671091990036075003445148468017578125000000, 1.877073695964565969163118097640108317136764526367187500000000, 2.819842099193151430114312461228109896183013916015625000000000
 0.020173335537918956478220522399169567506760358810424804687500, 0.904534033733290887546729663881706073880195617675781250000000,-0.301511344577763684693394452551729045808315277099609375000000, 0.301511344577763573671091990036075003445148468017578125000000, 1.264518957625227146834845370904076844453811645507812500000000, 5.961434752782944102023066079709678888320922851562500000000000
 0.020173335537918956478220522399169567506760358810424804687500,-0.904534033733290998569032126397360116243362426757812500000000,-0.301511344577763407137638296262593939900398254394531250000000, 0.301511344577763573671091990036075003445148468017578125000000, 1.264518957625227146834845370904076844453811645507812500000000, 3.463343207986434801881614475860260426998138427734375000000000
 0.020173335537918956478220522399169567506760358810424804687500, 0.904534033733290887546729663881706073880195617675781250000000,-0.301511344577763684693394452551729045808315277099609375000000,-0.301511344577763573671091990036075003445148468017578125000000, 1.877073695964565969163118097640108317136764526367187500000000, 5.961434752782944102023066079709678888320922851562500000000000
 0.020173335537918956478220522399169567506760358810424804687500,-0.904534033733290998569032126397360116243362426757812500000000,-0.301511344577763407137638296262593939900398254394531250000000,-0.301511344577763573671091990036075003445148468017578125000000, 1.877073695964565969163118097640108317136764526367187500000000, 3.463343207986434801881614475860260426998138427734375000000000
