# count
194
# w,cx,cy,cz,theta,phi
 0.001782340447245014556851283593630341783864423632621765136719, 1.000000000000000000000000000000000000000000000000000000000000, 0.000000000000000000000000000000000000000000000000000000000000, 0.000000000000000000000000000000000000000000000000000000000000, 1.570796326794896557998981734272092580795288085937500000000000, 0.000000000000000000000000000000000000000000000000000000000000
 0.001782340447245014556851283593630341783864423632621765136719,-1.000000000000000000000000000000000000000000000000000000000000, 0.000000000000000000000000000000000000000000000000000000000000, 0.000000000000000000000000000000000000000000000000000000000000, 1.570796326794896557998981734272092580795288085937500000000000, 3.141592653589793115997963468544185161590576171875000000000000
 0.001782340447245014556851283593630341783864423632621765136719, 0.000000000000000000000000000000000000000000000000000000000000, 1.000000000000000000000000000000000000000000000000000000000000, 0.000000000000000000000000000000000000000000000000000000000000, 1.570796326794896557998981734272092580795288085937500000000000, 1.570796326794896557998981734272092580795288085937500000000000
 0.001782340447245014556851283593630341783864423632621765136719, 0.000000000000000000000000000000000000000000000000000000000000,-1.000000000000000000000000000000000000000000000000000000000000, 0.000000000000000000000000000000000000000000000000000000000000, 1.570796326794896557998981734272092580795288085937500000000000, 4.712388980384689673996945202816277742385864257812500000000000
 0.001782340447245014556851283593630341783864423632621765136719, 0.000000000000000000000000000000000000000000000000000000000000, 0.000000000000000000000000000000000000000000000000000000000000, 1.000000000000000000000000000000000000000000000000000000000000, 0.000000000000000000000000000000000000000000000000000000000000, 0.000000000000000000000000000000000000000000000000000000000000
 0.001782340447245014556851283593630341783864423632621765136719, 0.000000000000000000000000000000000000000000000000000000000000, 0.000000000000000000000000000000000000000000000000000000000000,-1.000000000000000000000000000000000000000000000000000000000000, 3.141592653589793115997963468544185161590576171875000000000000, 0.000000000000000000000000000000000000000000000000000000000000
 0.005716905949977046236254452082903299015015363693237304687500, 0.000000000000000000000000000000000000000000000000000000000000, 0.707106781186547461715008466853760182857513427734375000000000, 0.707106781186547461715008466853760182857513427734375000000000, 0.785398163397448278999490867136046290397644042968750000000000, 1.570796326794896557998981734272092580795288085937500000000000
 0.005716905949977046236254452082903299015015363693237304687500, 0.000000000000000000000000000000000000000000000000000000000000, 0.707106781186547461715008466853760182857513427734375000000000,-0.707106781186547461715008466853760182857513427734375000000000, 2.356194490192344836998472601408138871192932128906250000000000, 1.570796326794896557998981734272092580795288085937500000000000
 0.005716905949977046236254452082903299015015363693237304687500, 0.000000000000000000000000000000000000000000000000000000000000,-0.707106781186547461715008466853760182857513427734375000000000, 0.707106781186547461715008466853760182857513427734375000000000, 0.785398163397448278999490867136046290397644042968750000000000, 4.712388980384689673996945202816277742385864257812500000000000
 0.005716905949977046236254452082903299015015363693237304687500, 0.000000000000000000000000000000000000000000000000000000000000,-0.707106781186547461715008466853760182857513427734375000000000,-0.707106781186547461715008466853760182857513427734375000000000, 2.356194490192344836998472601408138871192932128906250000000000, 4.712388980384689673996945202816277742385864257812500000000000
 0.005716905949977046236254452082903299015015363693237304687500, 0.707106781186547461715008466853760182857513427734375000000000, 0.000000000000000000000000000000000000000000000000000000000000, 0.707106781186547461715008466853760182857513427734375000000000, 0.785398163397448278999490867136046290397644042968750000000000, 0.000000000000000000000000000000000000000000000000000000000000
 0.005716905949977046236254452082903299015015363693237304687500, 0.707106781186547461715008466853760182857513427734375000000000, 0.000000000000000000000000000000000000000000000000000000000000,-0.707106781186547461715008466853760182857513427734375000000000, 2.356194490192344836998472601408138871192932128906250000000000, 0.000000000000000000000000000000000000000000000000000000000000
 0.005716905949977046236254452082903299015015363693237304687500,-0.707106781186547461715008466853760182857513427734375000000000, 0.000000000000000000000000000000000000000000000000000000000000, 0.707106781186547461715008466853760182857513427734375000000000, 0.785398163397448278999490867136046290397644042968750000000000, 3.141592653589793115997963468544185161590576171875000000000000
 0.005716905949977046236254452082903299015015363693237304687500,-0.707106781186547461715008466853760182857513427734375000000000, 0.000000000000000000000000000000000000000000000000000000000000,-0.707106781186547461715008466853760182857513427734375000000000, 2.356194490192344836998472601408138871192932128906250000000000, 3.141592653589793115997963468544185161590576171875000000000000
 0.005716905949977046236254452082903299015015363693237304687500, 0.707106781186547461715008466853760182857513427734375000000000, 0.707106781186547461715008466853760182857513427734375000000000, 0.000000000000000000000000000000000000000000000000000000000000, 1.570796326794896557998981734272092580795288085937500000000000, 0.785398163397448278999490867136046290397644042968750000000000
 0.005716905949977046236254452082903299015015363693237304687500, 0.707106781186547461715008466853760182857513427734375000000000,-0.707106781186547461715008466853760182857513427734375000000000, 0.000000000000000000000000000000000000000000000000000000000000, 1.570796326794896557998981734272092580795288085937500000000000, 5.497787143782137952996436069952324032783508300781250000000000
 0.005716905949977046236254452082903299015015363693237304687500,-0.707106781186547461715008466853760182857513427734375000000000, 0.707106781186547461715008466853760182857513427734375000000000, 0.000000000000000000000000000000000000000000000000000000000000, 1.570796326794896557998981734272092580795288085937500000000000, 2.356194490192344836998472601408138871192932128906250000000000
 0.005716905949977046236254452082903299015015363693237304687500,-0.707106781186547461715008466853760182857513427734375000000000,-0.707106781186547461715008466853760182857513427734375000000000, 0.000000000000000000000000000000000000000000000000000000000000, 1.570796326794896557998981734272092580795288085937500000000000, 3.926990816987241394997454335680231451988220214843750000000000
 0.005573383178849044411462543280322279315441846847534179687500, 0.577350269189625731058868041145615279674530029296875000000000, 0.577350269189625731058868041145615279674530029296875000000000, 0.577350269189625731058868041145615279674530029296875000000000, 0.955316618124509298048963046312564983963966369628906250000000, 0.785398163397448278999490867136046290397644042968750000000000
 0.005573383178849044411462543280322279315441846847534179687500, 0.577350269189625731058868041145615279674530029296875000000000, 0.577350269189625731058868041145615279674530029296875000000000,-0.577350269189625731058868041145615279674530029296875000000000, 2.186276035465283928971302884747274219989776611328125000000000, 0.785398163397448278999490867136046290397644042968750000000000
 0.005573383178849044411462543280322279315441846847534179687500, 0.577350269189625731058868041145615279674530029296875000000000,-0.577350269189625731058868041145615279674530029296875000000000, 0.577350269189625731058868041145615279674530029296875000000000, 0.955316618124509298048963046312564983963966369628906250000000, 5.497787143782137952996436069952324032783508300781250000000000
 0.005573383178849044411462543280322279315441846847534179687500, 0.577350269189625731058868041145615279674530029296875000000000,-0.577350269189625731058868041145615279674530029296875000000000,-0.577350269189625731058868041145615279674530029296875000000000, 2.186276035465283928971302884747274219989776611328125000000000, 5.497787143782137952996436069952324032783508300781250000000000
 0.005573383178849044411462543280322279315441846847534179687500,-0.577350269189625731058868041145615279674530029296875000000000, 0.577350269189625731058868041145615279674530029296875000000000, 0.577350269189625731058868041145615279674530029296875000000000, 0.955316618124509298048963046312564983963966369628906250000000, 2.356194490192344836998472601408138871192932128906250000000000
 0.005573383178849044411462543280322279315441846847534179687500,-0.577350269189625731058868041145615279674530029296875000000000, 0.577350269189625731058868041145615279674530029296875000000000,-0.577350269189625731058868041145615279674530029296875000000000, 2.186276035465283928971302884747274219989776611328125000000000, 2.356194490192344836998472601408138871192932128906250000000000
 0.005573383178849044411462543280322279315441846847534179687500,-0.577350269189625731058868041145615279674530029296875000000000,-0.577350269189625731058868041145615279674530029296875000000000, 0.577350269189625731058868041145615279674530029296875000000000, 0.955316618124509298048963046312564983963966369628906250000000, 3.926990816987241394997454335680231451988220214843750000000000
 0.005573383178849044411462543280322279315441846847534179687500,-0.577350269189625731058868041145615279674530029296875000000000,-0.577350269189625731058868041145615279674530029296875000000000,-0.577350269189625731058868041145615279674530029296875000000000, 2.186276035465283928971302884747274219989776611328125000000000, 3.926990816987241394997454335680231451988220214843750000000000
 0.005608704082588044856350073530393274268135428428649902343750, 0.671297344269522477944178717734757810831069946289062500000000, 0.671297344269522477944178717734757810831069946289062500000000, 0.314196994182586286648017903644358739256858825683593750000000, 1.251185632332976194192042385111562907695770263671875000000000, 0.785398163397448278999490867136046290397644042968750000000000
 0.005608704082588044856350073530393274268135428428649902343750, 0.671297344269522477944178717734757810831069946289062500000000, 0.671297344269522477944178717734757810831069946289062500000000,-0.314196994182586286648017903644358739256858825683593750000000, 1.890407021256817143850526008463930338621139526367187500000000, 0.785398163397448278999490867136046290397644042968750000000000
 0.005608704082588044856350073530393274268135428428649902343750, 0.671297344269522477944178717734757810831069946289062500000000,-0.671297344269522477944178717734757810831069946289062500000000, 0.314196994182586286648017903644358739256858825683593750000000, 1.251185632332976194192042385111562907695770263671875000000000, 5.497787143782137952996436069952324032783508300781250000000000
 0.005608704082588044856350073530393274268135428428649902343750, 0.671297344269522477944178717734757810831069946289062500000000,-0.671297344269522477944178717734757810831069946289062500000000,-0.314196994182586286648017903644358739256858825683593750000000, 1.890407021256817143850526008463930338621139526367187500000000, 5.497787143782137952996436069952324032783508300781250000000000
 0.005608704082588044856350073530393274268135428428649902343750,-0.671297344269522477944178717734757810831069946289062500000000, 0.671297344269522477944178717734757810831069946289062500000000, 0.314196994182586286648017903644358739256858825683593750000000, 1.251185632332976194192042385111562907695770263671875000000000, 2.356194490192344836998472601408138871192932128906250000000000
 0.005608704082588044856350073530393274268135428428649902343750,-0.671297344269522477944178717734757810831069946289062500000000, 0.671297344269522477944178717734757810831069946289062500000000,-0.314196994182586286648017903644358739256858825683593750000000, 1.890407021256817143850526008463930338621139526367187500000000, 2.356194490192344836998472601408138871192932128906250000000000
 0.005608704082588044856350073530393274268135428428649902343750,-0.671297344269522477944178717734757810831069946289062500000000,-0.671297344269522477944178717734757810831069946289062500000000, 0.314196994182586286648017903644358739256858825683593750000000, 1.251185632332976194192042385111562907695770263671875000000000, 3.926990816987241394997454335680231451988220214843750000000000
 0.005608704082588044856350073530393274268135428428649902343750,-0.671297344269522477944178717734757810831069946289062500000000,-0.671297344269522477944178717734757810831069946289062500000000,-0.314196994182586286648017903644358739256858825683593750000000, 1.890407021256817143850526008463930338621139526367187500000000, 3.926990816987241394997454335680231451988220214843750000000000
 0.005608704082588044856350073530393274268135428428649902343750, 0.671297344269522699988783642766065895557403564453125000000000, 0.314196994182586175625715441128704696893692016601562500000000, 0.671297344269522588966481180250411853194236755371093750000000, 0.834838566141819171662064036354422569274902343750000000000000, 0.437757951145906543111152586789103224873542785644531250000000
 0.005608704082588044856350073530393274268135428428649902343750, 0.671297344269522699988783642766065895557403564453125000000000,-0.314196994182586175625715441128704696893692016601562500000000, 0.671297344269522588966481180250411853194236755371093750000000, 0.834838566141819171662064036354422569274902343750000000000000, 5.845427356033679799907076812814921140670776367187500000000000
 0.005608704082588044856350073530393274268135428428649902343750, 0.671297344269522477944178717734757810831069946289062500000000, 0.314196994182586120114564209870877675712108612060546875000000,-0.671297344269522699988783642766065895557403564453125000000000, 2.306754087447974388425109282252378761768341064453125000000000, 0.437757951145906598622303818046930246055126190185546875000000
 0.005608704082588044856350073530393274268135428428649902343750, 0.671297344269522477944178717734757810831069946289062500000000,-0.314196994182586120114564209870877675712108612060546875000000,-0.671297344269522699988783642766065895557403564453125000000000, 2.306754087447974388425109282252378761768341064453125000000000, 5.845427356033679799907076812814921140670776367187500000000000
 0.005608704082588044856350073530393274268135428428649902343750,-0.671297344269522699988783642766065895557403564453125000000000, 0.314196994182586120114564209870877675712108612060546875000000, 0.671297344269522588966481180250411853194236755371093750000000, 0.834838566141819171662064036354422569274902343750000000000000, 2.703834702443886683909113344270735979080200195312500000000000
 0.005608704082588044856350073530393274268135428428649902343750,-0.671297344269522699988783642766065895557403564453125000000000,-0.314196994182586120114564209870877675712108612060546875000000, 0.671297344269522588966481180250411853194236755371093750000000, 0.834838566141819171662064036354422569274902343750000000000000, 3.579350604735699548086813592817634344100952148437500000000000
 0.005608704082588044856350073530393274268135428428649902343750,-0.671297344269522588966481180250411853194236755371093750000000, 0.314196994182586009092261747355223633348941802978515625000000,-0.671297344269522699988783642766065895557403564453125000000000, 2.306754087447974388425109282252378761768341064453125000000000, 2.703834702443886683909113344270735979080200195312500000000000
 0.005608704082588044856350073530393274268135428428649902343750,-0.671297344269522588966481180250411853194236755371093750000000,-0.314196994182586009092261747355223633348941802978515625000000,-0.671297344269522699988783642766065895557403564453125000000000, 2.306754087447974388425109282252378761768341064453125000000000, 3.579350604735699548086813592817634344100952148437500000000000
 0.005608704082588044856350073530393274268135428428649902343750, 0.314196994182586175625715441128704696893692016601562500000000, 0.671297344269522699988783642766065895557403564453125000000000, 0.671297344269522588966481180250411853194236755371093750000000, 0.834838566141819171662064036354422569274902343750000000000000, 1.133038375648990125910131609998643398284912109375000000000000
 0.005608704082588044856350073530393274268135428428649902343750,-0.314196994182586397670320366160012781620025634765625000000000, 0.671297344269522588966481180250411853194236755371093750000000, 0.671297344269522588966481180250411853194236755371093750000000, 0.834838566141819171662064036354422569274902343750000000000000, 2.008554277940803434177041708608157932758331298828125000000000
 0.005608704082588044856350073530393274268135428428649902343750, 0.314196994182586120114564209870877675712108612060546875000000, 0.671297344269522477944178717734757810831069946289062500000000,-0.671297344269522699988783642766065895557403564453125000000000, 2.306754087447974388425109282252378761768341064453125000000000, 1.133038375648990125910131609998643398284912109375000000000000
 0.005608704082588044856350073530393274268135428428649902343750,-0.314196994182586286648017903644358739256858825683593750000000, 0.671297344269522366921876255219103768467903137207031250000000,-0.671297344269522699988783642766065895557403564453125000000000, 2.306754087447974388425109282252378761768341064453125000000000, 2.008554277940803434177041708608157932758331298828125000000000
 0.005608704082588044856350073530393274268135428428649902343750, 0.314196994182586175625715441128704696893692016601562500000000,-0.671297344269522699988783642766065895557403564453125000000000, 0.671297344269522588966481180250411853194236755371093750000000, 0.834838566141819171662064036354422569274902343750000000000000, 5.150146931530596106085795327089726924896240234375000000000000
 0.005608704082588044856350073530393274268135428428649902343750,-0.314196994182586397670320366160012781620025634765625000000000,-0.671297344269522588966481180250411853194236755371093750000000, 0.671297344269522588966481180250411853194236755371093750000000, 0.834838566141819171662064036354422569274902343750000000000000, 4.274631029238783241908095078542828559875488281250000000000000
 0.005608704082588044856350073530393274268135428428649902343750, 0.314196994182586120114564209870877675712108612060546875000000,-0.671297344269522477944178717734757810831069946289062500000000,-0.671297344269522699988783642766065895557403564453125000000000, 2.306754087447974388425109282252378761768341064453125000000000, 5.150146931530596106085795327089726924896240234375000000000000
 0.005608704082588044856350073530393274268135428428649902343750,-0.314196994182586286648017903644358739256858825683593750000000,-0.671297344269522366921876255219103768467903137207031250000000,-0.671297344269522699988783642766065895557403564453125000000000, 2.306754087447974388425109282252378761768341064453125000000000, 4.274631029238783241908095078542828559875488281250000000000000
 0.005158237711805041536550220371282193809747695922851562500000, 0.289246562757544012356447638012468814849853515625000000000000, 0.289246562757544012356447638012468814849853515625000000000000, 0.912509096867473612491039602900855243206024169921875000000000, 0.421419763406690961460299149621278047561645507812500000000000, 0.785398163397448278999490867136046290397644042968750000000000
 0.005158237711805041536550220371282193809747695922851562500000, 0.289246562757544012356447638012468814849853515625000000000000, 0.289246562757544012356447638012468814849853515625000000000000,-0.912509096867473612491039602900855243206024169921875000000000, 2.720172890183102154537664318922907114028930664062500000000000, 0.785398163397448278999490867136046290397644042968750000000000
 0.005158237711805041536550220371282193809747695922851562500000, 0.289246562757544012356447638012468814849853515625000000000000,-0.289246562757544012356447638012468814849853515625000000000000, 0.912509096867473612491039602900855243206024169921875000000000, 0.421419763406690961460299149621278047561645507812500000000000, 5.497787143782137952996436069952324032783508300781250000000000
 0.005158237711805041536550220371282193809747695922851562500000, 0.289246562757544012356447638012468814849853515625000000000000,-0.289246562757544012356447638012468814849853515625000000000000,-0.912509096867473612491039602900855243206024169921875000000000, 2.720172890183102154537664318922907114028930664062500000000000, 5.497787143782137952996436069952324032783508300781250000000000
 0.005158237711805041536550220371282193809747695922851562500000,-0.289246562757544012356447638012468814849853515625000000000000, 0.289246562757544012356447638012468814849853515625000000000000, 0.912509096867473612491039602900855243206024169921875000000000, 0.421419763406690961460299149621278047561645507812500000000000, 2.356194490192344836998472601408138871192932128906250000000000
 0.005158237711805041536550220371282193809747695922851562500000,-0.289246562757544012356447638012468814849853515625000000000000, 0.289246562757544012356447638012468814849853515625000000000000,-0.912509096867473612491039602900855243206024169921875000000000, 2.720172890183102154537664318922907114028930664062500000000000, 2.356194490192344836998472601408138871192932128906250000000000
 0.005158237711805041536550220371282193809747695922851562500000,-0.289246562757544012356447638012468814849853515625000000000000,-0.289246562757544012356447638012468814849853515625000000000000, 0.912509096867473612491039602900855243206024169921875000000000, 0.421419763406690961460299149621278047561645507812500000000000, 3.926990816987241394997454335680231451988220214843750000000000
 0.005158237711805041536550220371282193809747695922851562500000,-0.289246562757544012356447638012468814849853515625000000000000,-0.289246562757544012356447638012468814849853515625000000000000,-0.912509096867473612491039602900855243206024169921875000000000, 2.720172890183102154537664318922907114028930664062500000000000, 3.926990816987241394997454335680231451988220214843750000000000
 0.005158237711805041536550220371282193809747695922851562500000, 0.289246562757543679289540250465506687760353088378906250000000, 0.912509096867473723513342065416509285569190979003906250000000, 0.289246562757544012356447638012468814849853515625000000000000, 1.277356664069128289185073299449868500232696533203125000000000, 1.263835824891398118552388041280210018157958984375000000000000
 0.005158237711805041536550220371282193809747695922851562500000, 0.289246562757543679289540250465506687760353088378906250000000,-0.912509096867473723513342065416509285569190979003906250000000, 0.289246562757544012356447638012468814849853515625000000000000, 1.277356664069128289185073299449868500232696533203125000000000, 5.019349482288188113443538895808160305023193359375000000000000
 0.005158237711805041536550220371282193809747695922851562500000, 0.289246562757543679289540250465506687760353088378906250000000, 0.912509096867473723513342065416509285569190979003906250000000,-0.289246562757544178889901331785949878394603729248046875000000, 1.864235989520665270902100019156932830810546875000000000000000, 1.263835824891398118552388041280210018157958984375000000000000
 0.005158237711805041536550220371282193809747695922851562500000, 0.289246562757543679289540250465506687760353088378906250000000,-0.912509096867473723513342065416509285569190979003906250000000,-0.289246562757544178889901331785949878394603729248046875000000, 1.864235989520665270902100019156932830810546875000000000000000, 5.019349482288188113443538895808160305023193359375000000000000
 0.005158237711805041536550220371282193809747695922851562500000,-0.289246562757544012356447638012468814849853515625000000000000, 0.912509096867473612491039602900855243206024169921875000000000, 0.289246562757544012356447638012468814849853515625000000000000, 1.277356664069128289185073299449868500232696533203125000000000, 1.877756828698395663579390202357899397611618041992187500000000
 0.005158237711805041536550220371282193809747695922851562500000,-0.289246562757544012356447638012468814849853515625000000000000,-0.912509096867473612491039602900855243206024169921875000000000, 0.289246562757544012356447638012468814849853515625000000000000, 1.277356664069128289185073299449868500232696533203125000000000, 4.405428478481190346371931809699162840843200683593750000000000
 0.005158237711805041536550220371282193809747695922851562500000,-0.289246562757544012356447638012468814849853515625000000000000, 0.912509096867473612491039602900855243206024169921875000000000,-0.289246562757544178889901331785949878394603729248046875000000, 1.864235989520665270902100019156932830810546875000000000000000, 1.877756828698395663579390202357899397611618041992187500000000
 0.005158237711805041536550220371282193809747695922851562500000,-0.289246562757544012356447638012468814849853515625000000000000,-0.912509096867473612491039602900855243206024169921875000000000,-0.289246562757544178889901331785949878394603729248046875000000, 1.864235989520665270902100019156932830810546875000000000000000, 4.405428478481190346371931809699162840843200683593750000000000
 0.005158237711805041536550220371282193809747695922851562500000, 0.912509096867473612491039602900855243206024169921875000000000, 0.289246562757544012356447638012468814849853515625000000000000, 0.289246562757544012356447638012468814849853515625000000000000, 1.277356664069128289185073299449868500232696533203125000000000, 0.306960501903498939046954774312325753271579742431640625000000
 0.005158237711805041536550220371282193809747695922851562500000,-0.912509096867473612491039602900855243206024169921875000000000, 0.289246562757544012356447638012468814849853515625000000000000, 0.289246562757544012356447638012468814849853515625000000000000, 1.277356664069128289185073299449868500232696533203125000000000, 2.834632151686294232462159925489686429500579833984375000000000
 0.005158237711805041536550220371282193809747695922851562500000, 0.912509096867473612491039602900855243206024169921875000000000, 0.289246562757544012356447638012468814849853515625000000000000,-0.289246562757544178889901331785949878394603729248046875000000, 1.864235989520665270902100019156932830810546875000000000000000, 0.306960501903498939046954774312325753271579742431640625000000
 0.005158237711805041536550220371282193809747695922851562500000,-0.912509096867473612491039602900855243206024169921875000000000, 0.289246562757544012356447638012468814849853515625000000000000,-0.289246562757544178889901331785949878394603729248046875000000, 1.864235989520665270902100019156932830810546875000000000000000, 2.834632151686294232462159925489686429500579833984375000000000
 0.005158237711805041536550220371282193809747695922851562500000, 0.912509096867473612491039602900855243206024169921875000000000,-0.289246562757544012356447638012468814849853515625000000000000, 0.289246562757544012356447638012468814849853515625000000000000, 1.277356664069128289185073299449868500232696533203125000000000, 5.976224805276086904370913543971255421638488769531250000000000
 0.005158237711805041536550220371282193809747695922851562500000,-0.912509096867473612491039602900855243206024169921875000000000,-0.289246562757544012356447638012468814849853515625000000000000, 0.289246562757544012356447638012468814849853515625000000000000, 1.277356664069128289185073299449868500232696533203125000000000, 3.448553155493291999533767011598683893680572509765625000000000
 0.005158237711805041536550220371282193809747695922851562500000, 0.912509096867473612491039602900855243206024169921875000000000,-0.289246562757544012356447638012468814849853515625000000000000,-0.289246562757544178889901331785949878394603729248046875000000, 1.864235989520665270902100019156932830810546875000000000000000, 5.976224805276086904370913543971255421638488769531250000000000
 0.005158237711805041536550220371282193809747695922851562500000,-0.912509096867473612491039602900855243206024169921875000000000,-0.289246562757544012356447638012468814849853515625000000000000,-0.289246562757544178889901331785949878394603729248046875000000, 1.864235989520665270902100019156932830810546875000000000000000, 3.448553155493291999533767011598683893680572509765625000000000
 0.005518771467274045418316408273540218942798674106597900390625, 0.444693317871743598601597113884054124355316162109375000000000, 0.444693317871743598601597113884054124355316162109375000000000, 0.777493219314767225469609002175275236368179321289062500000000, 0.680126421921931401115557491721119731664657592773437500000000, 0.785398163397448278999490867136046290397644042968750000000000
 0.005518771467274045418316408273540218942798674106597900390625, 0.444693317871743487579294651368400081992149353027343750000000, 0.444693317871743487579294651368400081992149353027343750000000,-0.777493219314767336491911464690929278731346130371093750000000, 2.461466231667861936927010901854373514652252197265625000000000, 0.785398163397448278999490867136046290397644042968750000000000
 0.005518771467274045418316408273540218942798674106597900390625, 0.444693317871743598601597113884054124355316162109375000000000,-0.444693317871743598601597113884054124355316162109375000000000, 0.777493219314767225469609002175275236368179321289062500000000, 0.680126421921931401115557491721119731664657592773437500000000, 5.497787143782137952996436069952324032783508300781250000000000
 0.005518771467274045418316408273540218942798674106597900390625, 0.444693317871743487579294651368400081992149353027343750000000,-0.444693317871743487579294651368400081992149353027343750000000,-0.777493219314767336491911464690929278731346130371093750000000, 2.461466231667861936927010901854373514652252197265625000000000, 5.497787143782137952996436069952324032783508300781250000000000
 0.005518771467274045418316408273540218942798674106597900390625,-0.444693317871743598601597113884054124355316162109375000000000, 0.444693317871743598601597113884054124355316162109375000000000, 0.777493219314767225469609002175275236368179321289062500000000, 0.680126421921931401115557491721119731664657592773437500000000, 2.356194490192344836998472601408138871192932128906250000000000
 0.005518771467274045418316408273540218942798674106597900390625,-0.444693317871743487579294651368400081992149353027343750000000, 0.444693317871743487579294651368400081992149353027343750000000,-0.777493219314767336491911464690929278731346130371093750000000, 2.461466231667861936927010901854373514652252197265625000000000, 2.356194490192344836998472601408138871192932128906250000000000
 0.005518771467274045418316408273540218942798674106597900390625,-0.444693317871743598601597113884054124355316162109375000000000,-0.444693317871743598601597113884054124355316162109375000000000, 0.777493219314767225469609002175275236368179321289062500000000, 0.680126421921931401115557491721119731664657592773437500000000, 3.926990816987241394997454335680231451988220214843750000000000
 0.005518771467274045418316408273540218942798674106597900390625,-0.444693317871743487579294651368400081992149353027343750000000,-0.444693317871743487579294651368400081992149353027343750000000,-0.777493219314767336491911464690929278731346130371093750000000, 2.461466231667861936927010901854373514652252197265625000000000, 3.926990816987241394997454335680231451988220214843750000000000
 0.005518771467274045418316408273540218942798674106597900390625, 0.444693317871743709623899576399708166718482971191406250000000, 0.777493219314767225469609002175275236368179321289062500000000, 0.444693317871743598601597113884054124355316162109375000000000, 1.109964495414790031091456512513104826211929321289062500000000, 1.051251340145337165310479576874058693647384643554687500000000
 0.005518771467274045418316408273540218942798674106597900390625, 0.444693317871743709623899576399708166718482971191406250000000,-0.777493219314767225469609002175275236368179321289062500000000, 0.444693317871743598601597113884054124355316162109375000000000, 1.109964495414790031091456512513104826211929321289062500000000, 5.231933967034248844640842435183003544807434082031250000000000
 0.005518771467274045418316408273540218942798674106597900390625, 0.444693317871743709623899576399708166718482971191406250000000, 0.777493219314767114447306539659621194005012512207031250000000,-0.444693317871743820646202038915362209081649780273437500000000, 2.031628158175003306951111881062388420104980468750000000000000, 1.051251340145337165310479576874058693647384643554687500000000
 0.005518771467274045418316408273540218942798674106597900390625, 0.444693317871743709623899576399708166718482971191406250000000,-0.777493219314767114447306539659621194005012512207031250000000,-0.444693317871743820646202038915362209081649780273437500000000, 2.031628158175003306951111881062388420104980468750000000000000, 5.231933967034248844640842435183003544807434082031250000000000
 0.005518771467274045418316408273540218942798674106597900390625,-0.444693317871743876157353270173189230263233184814453125000000, 0.777493219314767114447306539659621194005012512207031250000000, 0.444693317871743598601597113884054124355316162109375000000000, 1.109964495414790031091456512513104826211929321289062500000000, 2.090341313444456172732088816701434552669525146484375000000000
 0.005518771467274045418316408273540218942798674106597900390625,-0.444693317871743876157353270173189230263233184814453125000000,-0.777493219314767114447306539659621194005012512207031250000000, 0.444693317871743598601597113884054124355316162109375000000000, 1.109964495414790031091456512513104826211929321289062500000000, 4.192843993735129615174628270324319601058959960937500000000000
 0.005518771467274045418316408273540218942798674106597900390625,-0.444693317871743820646202038915362209081649780273437500000000, 0.777493219314767003425004077143967151641845703125000000000000,-0.444693317871743820646202038915362209081649780273437500000000, 2.031628158175003306951111881062388420104980468750000000000000, 2.090341313444456172732088816701434552669525146484375000000000
 0.005518771467274045418316408273540218942798674106597900390625,-0.444693317871743820646202038915362209081649780273437500000000,-0.777493219314767003425004077143967151641845703125000000000000,-0.444693317871743820646202038915362209081649780273437500000000, 2.031628158175003306951111881062388420104980468750000000000000, 4.192843993735129615174628270324319601058959960937500000000000
 0.005518771467274045418316408273540218942798674106597900390625, 0.777493219314767225469609002175275236368179321289062500000000, 0.444693317871743820646202038915362209081649780273437500000000, 0.444693317871743598601597113884054124355316162109375000000000, 1.109964495414790031091456512513104826211929321289062500000000, 0.519544986649559503710804619913687929511070251464843750000000
 0.005518771467274045418316408273540218942798674106597900390625,-0.777493219314767225469609002175275236368179321289062500000000, 0.444693317871743709623899576399708166718482971191406250000000, 0.444693317871743598601597113884054124355316162109375000000000, 1.109964495414790031091456512513104826211929321289062500000000, 2.622047666940233945354066236177459359169006347656250000000000
 0.005518771467274045418316408273540218942798674106597900390625, 0.777493219314767114447306539659621194005012512207031250000000, 0.444693317871743709623899576399708166718482971191406250000000,-0.444693317871743820646202038915362209081649780273437500000000, 2.031628158175003306951111881062388420104980468750000000000000, 0.519544986649559503710804619913687929511070251464843750000000
 0.005518771467274045418316408273540218942798674106597900390625,-0.777493219314767114447306539659621194005012512207031250000000, 0.444693317871743709623899576399708166718482971191406250000000,-0.444693317871743820646202038915362209081649780273437500000000, 2.031628158175003306951111881062388420104980468750000000000000, 2.622047666940233945354066236177459359169006347656250000000000
 0.005518771467274045418316408273540218942798674106597900390625, 0.777493219314767225469609002175275236368179321289062500000000,-0.444693317871743820646202038915362209081649780273437500000000, 0.444693317871743598601597113884054124355316162109375000000000, 1.109964495414790031091456512513104826211929321289062500000000, 5.763640320530027061352029704721644520759582519531250000000000
 0.005518771467274045418316408273540218942798674106597900390625,-0.777493219314767225469609002175275236368179321289062500000000,-0.444693317871743709623899576399708166718482971191406250000000, 0.444693317871743598601597113884054124355316162109375000000000, 1.109964495414790031091456512513104826211929321289062500000000, 3.661137640239352286641860700910910964012145996093750000000000
 0.005518771467274045418316408273540218942798674106597900390625, 0.777493219314767114447306539659621194005012512207031250000000,-0.444693317871743709623899576399708166718482971191406250000000,-0.444693317871743820646202038915362209081649780273437500000000, 2.031628158175003306951111881062388420104980468750000000000000, 5.763640320530027061352029704721644520759582519531250000000000
 0.005518771467274045418316408273540218942798674106597900390625,-0.777493219314767114447306539659621194005012512207031250000000,-0.444693317871743709623899576399708166718482971191406250000000,-0.444693317871743820646202038915362209081649780273437500000000, 2.031628158175003306951111881062388420104980468750000000000000, 3.661137640239352286641860700910910964012145996093750000000000
 0.004106777028169032901783186417787874233908951282501220703125, 0.129933544765006486754188586019154172390699386596679687500000, 0.129933544765006486754188586019154172390699386596679687500000, 0.982972302707253331455206080136122182011604309082031250000000, 0.184803905107170540755845422609127126634120941162109375000000, 0.785398163397448278999490867136046290397644042968750000000000
 0.004106777028169032901783186417787874233908951282501220703125, 0.129933544765006708798793511050462257117033004760742187500000, 0.129933544765006708798793511050462257117033004760742187500000,-0.982972302707253331455206080136122182011604309082031250000000, 2.956788748482622519730966814677231013774871826171875000000000, 0.785398163397448278999490867136046290397644042968750000000000
 0.004106777028169032901783186417787874233908951282501220703125, 0.129933544765006486754188586019154172390699386596679687500000,-0.129933544765006486754188586019154172390699386596679687500000, 0.982972302707253331455206080136122182011604309082031250000000, 0.184803905107170540755845422609127126634120941162109375000000, 5.497787143782137952996436069952324032783508300781250000000000
 0.004106777028169032901783186417787874233908951282501220703125, 0.129933544765006708798793511050462257117033004760742187500000,-0.129933544765006708798793511050462257117033004760742187500000,-0.982972302707253331455206080136122182011604309082031250000000, 2.956788748482622519730966814677231013774871826171875000000000, 5.497787143782137952996436069952324032783508300781250000000000
 0.004106777028169032901783186417787874233908951282501220703125,-0.129933544765006486754188586019154172390699386596679687500000, 0.129933544765006486754188586019154172390699386596679687500000, 0.982972302707253331455206080136122182011604309082031250000000, 0.184803905107170540755845422609127126634120941162109375000000, 2.356194490192344836998472601408138871192932128906250000000000
 0.004106777028169032901783186417787874233908951282501220703125,-0.129933544765006708798793511050462257117033004760742187500000, 0.129933544765006708798793511050462257117033004760742187500000,-0.982972302707253331455206080136122182011604309082031250000000, 2.956788748482622519730966814677231013774871826171875000000000, 2.356194490192344836998472601408138871192932128906250000000000
 0.004106777028169032901783186417787874233908951282501220703125,-0.129933544765006486754188586019154172390699386596679687500000,-0.129933544765006486754188586019154172390699386596679687500000, 0.982972302707253331455206080136122182011604309082031250000000, 0.184803905107170540755845422609127126634120941162109375000000, 3.926990816987241394997454335680231451988220214843750000000000
 0.004106777028169032901783186417787874233908951282501220703125,-0.129933544765006708798793511050462257117033004760742187500000,-0.129933544765006708798793511050462257117033004760742187500000,-0.982972302707253331455206080136122182011604309082031250000000, 2.956788748482622519730966814677231013774871826171875000000000, 3.926990816987241394997454335680231451988220214843750000000000
 0.004106777028169032901783186417787874233908951282501220703125, 0.129933544765006708798793511050462257117033004760742187500000, 0.982972302707253220432903617620468139648437500000000000000000, 0.129933544765006792065520357937202788889408111572265625000000, 1.440494370798389267562811255629640072584152221679687500000000, 1.439373887860495360158097355451900511980056762695312500000000
 0.004106777028169032901783186417787874233908951282501220703125, 0.129933544765006708798793511050462257117033004760742187500000,-0.982972302707253220432903617620468139648437500000000000000000, 0.129933544765006792065520357937202788889408111572265625000000, 1.440494370798389267562811255629640072584152221679687500000000, 4.843811419319091093882434506667777895927429199218750000000000
 0.004106777028169032901783186417787874233908951282501220703125, 0.129933544765006708798793511050462257117033004760742187500000, 0.982972302707253220432903617620468139648437500000000000000000,-0.129933544765006792065520357937202788889408111572265625000000, 1.701098282791404070479757137945853173732757568359375000000000, 1.439373887860495360158097355451900511980056762695312500000000
 0.004106777028169032901783186417787874233908951282501220703125, 0.129933544765006708798793511050462257117033004760742187500000,-0.982972302707253220432903617620468139648437500000000000000000,-0.129933544765006792065520357937202788889408111572265625000000, 1.701098282791404070479757137945853173732757568359375000000000, 4.843811419319091093882434506667777895927429199218750000000000
 0.004106777028169032901783186417787874233908951282501220703125,-0.129933544765006708798793511050462257117033004760742187500000, 0.982972302707253220432903617620468139648437500000000000000000, 0.129933544765006792065520357937202788889408111572265625000000, 1.440494370798389267562811255629640072584152221679687500000000, 1.702218765729297977884471038123592734336853027343750000000000
 0.004106777028169032901783186417787874233908951282501220703125,-0.129933544765006708798793511050462257117033004760742187500000,-0.982972302707253220432903617620468139648437500000000000000000, 0.129933544765006792065520357937202788889408111572265625000000, 1.440494370798389267562811255629640072584152221679687500000000, 4.580966541450288254111455898964777588844299316406250000000000
 0.004106777028169032901783186417787874233908951282501220703125,-0.129933544765006708798793511050462257117033004760742187500000, 0.982972302707253220432903617620468139648437500000000000000000,-0.129933544765006792065520357937202788889408111572265625000000, 1.701098282791404070479757137945853173732757568359375000000000, 1.702218765729297977884471038123592734336853027343750000000000
 0.004106777028169032901783186417787874233908951282501220703125,-0.129933544765006708798793511050462257117033004760742187500000,-0.982972302707253220432903617620468139648437500000000000000000,-0.129933544765006792065520357937202788889408111572265625000000, 1.701098282791404070479757137945853173732757568359375000000000, 4.580966541450288254111455898964777588844299316406250000000000
 0.004106777028169032901783186417787874233908951282501220703125, 0.982972302707253220432903617620468139648437500000000000000000, 0.129933544765006403487461739132413640618324279785156250000000, 0.129933544765006792065520357937202788889408111572265625000000, 1.440494370798389267562811255629640072584152221679687500000000, 0.131422438934400948040703838159970473498106002807617187500000
 0.004106777028169032901783186417787874233908951282501220703125,-0.982972302707253220432903617620468139648437500000000000000000, 0.129933544765006486754188586019154172390699386596679687500000, 0.129933544765006792065520357937202788889408111572265625000000, 1.440494370798389267562811255629640072584152221679687500000000, 3.010170214655392140201684014755301177501678466796875000000000
 0.004106777028169032901783186417787874233908951282501220703125, 0.982972302707253220432903617620468139648437500000000000000000, 0.129933544765006403487461739132413640618324279785156250000000,-0.129933544765006792065520357937202788889408111572265625000000, 1.701098282791404070479757137945853173732757568359375000000000, 0.131422438934400948040703838159970473498106002807617187500000
 0.004106777028169032901783186417787874233908951282501220703125,-0.982972302707253220432903617620468139648437500000000000000000, 0.129933544765006486754188586019154172390699386596679687500000,-0.129933544765006792065520357937202788889408111572265625000000, 1.701098282791404070479757137945853173732757568359375000000000, 3.010170214655392140201684014755301177501678466796875000000000
 0.004106777028169032901783186417787874233908951282501220703125, 0.982972302707253220432903617620468139648437500000000000000000,-0.129933544765006403487461739132413640618324279785156250000000, 0.129933544765006792065520357937202788889408111572265625000000, 1.440494370798389267562811255629640072584152221679687500000000, 6.151762868245185700288857333362102508544921875000000000000000
 0.004106777028169032901783186417787874233908951282501220703125,-0.982972302707253220432903617620468139648437500000000000000000,-0.129933544765006486754188586019154172390699386596679687500000, 0.129933544765006792065520357937202788889408111572265625000000, 1.440494370798389267562811255629640072584152221679687500000000, 3.273015092524194091794242922333069145679473876953125000000000
 0.004106777028169032901783186417787874233908951282501220703125, 0.982972302707253220432903617620468139648437500000000000000000,-0.129933544765006403487461739132413640618324279785156250000000,-0.129933544765006792065520357937202788889408111572265625000000, 1.701098282791404070479757137945853173732757568359375000000000, 6.151762868245185700288857333362102508544921875000000000000000
 0.004106777028169032901783186417787874233908951282501220703125,-0.982972302707253220432903617620468139648437500000000000000000,-0.129933544765006486754188586019154172390699386596679687500000,-0.129933544765006792065520357937202788889408111572265625000000, 1.701098282791404070479757137945853173732757568359375000000000, 3.273015092524194091794242922333069145679473876953125000000000
 0.005051846064615040342304919107618843554519116878509521484375, 0.345770219761128316804388305172324180603027343750000000000000, 0.938319218137591559703025723138125613331794738769531250000000, 0.000000000000000000000000000000000000000000000000000000000000, 1.570796326794896557998981734272092580795288085937500000000000, 1.217736815255597404572540654044132679700851440429687500000000
 0.005051846064615040342304919107618843554519116878509521484375, 0.345770219761128316804388305172324180603027343750000000000000,-0.938319218137591559703025723138125613331794738769531250000000, 0.000000000000000000000000000000000000000000000000000000000000, 1.570796326794896557998981734272092580795288085937500000000000, 5.065448491923988605378781358012929558753967285156250000000000
 0.005051846064615040342304919107618843554519116878509521484375,-0.345770219761128483337841998945805244147777557373046875000000, 0.938319218137591448680723260622471570968627929687500000000000, 0.000000000000000000000000000000000000000000000000000000000000, 1.570796326794896557998981734272092580795288085937500000000000, 1.923855838334195933470027739531360566616058349609375000000000
 0.005051846064615040342304919107618843554519116878509521484375,-0.345770219761128483337841998945805244147777557373046875000000,-0.938319218137591448680723260622471570968627929687500000000000, 0.000000000000000000000000000000000000000000000000000000000000, 1.570796326794896557998981734272092580795288085937500000000000, 4.359329468845389854436689347494393587112426757812500000000000
 0.005051846064615040342304919107618843554519116878509521484375, 0.938319218137591448680723260622471570968627929687500000000000, 0.345770219761128483337841998945805244147777557373046875000000, 0.000000000000000000000000000000000000000000000000000000000000, 1.570796326794896557998981734272092580795288085937500000000000, 0.353059511539299430982197236517095007002353668212890625000000
 0.005051846064615040342304919107618843554519116878509521484375, 0.938319218137591448680723260622471570968627929687500000000000,-0.345770219761128483337841998945805244147777557373046875000000, 0.000000000000000000000000000000000000000000000000000000000000, 1.570796326794896557998981734272092580795288085937500000000000, 5.930125795640286412435671081766486167907714843750000000000000
 0.005051846064615040342304919107618843554519116878509521484375,-0.938319218137591559703025723138125613331794738769531250000000, 0.345770219761128316804388305172324180603027343750000000000000, 0.000000000000000000000000000000000000000000000000000000000000, 1.570796326794896557998981734272092580795288085937500000000000, 2.788533142050494184616127313347533345222473144531250000000000
 0.005051846064615040342304919107618843554519116878509521484375,-0.938319218137591559703025723138125613331794738769531250000000,-0.345770219761128316804388305172324180603027343750000000000000, 0.000000000000000000000000000000000000000000000000000000000000, 1.570796326794896557998981734272092580795288085937500000000000, 3.494652165129092047379799623740836977958679199218750000000000
 0.005051846064615040342304919107618843554519116878509521484375, 0.345770219761128483337841998945805244147777557373046875000000, 0.000000000000000000000000000000000000000000000000000000000000, 0.938319218137591448680723260622471570968627929687500000000000, 0.353059511539299430982197236517095007002353668212890625000000, 0.000000000000000000000000000000000000000000000000000000000000
 0.005051846064615040342304919107618843554519116878509521484375, 0.345770219761128316804388305172324180603027343750000000000000, 0.000000000000000000000000000000000000000000000000000000000000,-0.938319218137591559703025723138125613331794738769531250000000, 2.788533142050494184616127313347533345222473144531250000000000, 0.000000000000000000000000000000000000000000000000000000000000
 0.005051846064615040342304919107618843554519116878509521484375,-0.345770219761128483337841998945805244147777557373046875000000, 0.000000000000000000000000000000000000000000000000000000000000, 0.938319218137591448680723260622471570968627929687500000000000, 0.353059511539299430982197236517095007002353668212890625000000, 3.141592653589793115997963468544185161590576171875000000000000
 0.005051846064615040342304919107618843554519116878509521484375,-0.345770219761128316804388305172324180603027343750000000000000, 0.000000000000000000000000000000000000000000000000000000000000,-0.938319218137591559703025723138125613331794738769531250000000, 2.788533142050494184616127313347533345222473144531250000000000, 3.141592653589793115997963468544185161590576171875000000000000
 0.005051846064615040342304919107618843554519116878509521484375, 0.938319218137591559703025723138125613331794738769531250000000, 0.000000000000000000000000000000000000000000000000000000000000, 0.345770219761128316804388305172324180603027343750000000000000, 1.217736815255597404572540654044132679700851440429687500000000, 0.000000000000000000000000000000000000000000000000000000000000
 0.005051846064615040342304919107618843554519116878509521484375, 0.938319218137591448680723260622471570968627929687500000000000, 0.000000000000000000000000000000000000000000000000000000000000,-0.345770219761128483337841998945805244147777557373046875000000, 1.923855838334195933470027739531360566616058349609375000000000, 0.000000000000000000000000000000000000000000000000000000000000
 0.005051846064615040342304919107618843554519116878509521484375,-0.938319218137591559703025723138125613331794738769531250000000, 0.000000000000000000000000000000000000000000000000000000000000, 0.345770219761128316804388305172324180603027343750000000000000, 1.217736815255597404572540654044132679700851440429687500000000, 3.141592653589793115997963468544185161590576171875000000000000
 0.005051846064615040342304919107618843554519116878509521484375,-0.938319218137591448680723260622471570968627929687500000000000, 0.000000000000000000000000000000000000000000000000000000000000,-0.345770219761128483337841998945805244147777557373046875000000, 1.923855838334195933470027739531360566616058349609375000000000, 3.141592653589793115997963468544185161590576171875000000000000
 0.005051846064615040342304919107618843554519116878509521484375, 0.000000000000000000000000000000000000000000000000000000000000, 0.345770219761128483337841998945805244147777557373046875000000, 0.938319218137591448680723260622471570968627929687500000000000, 0.353059511539299430982197236517095007002353668212890625000000, 1.570796326794896557998981734272092580795288085937500000000000
 0.005051846064615040342304919107618843554519116878509521484375, 0.000000000000000000000000000000000000000000000000000000000000, 0.345770219761128316804388305172324180603027343750000000000000,-0.938319218137591559703025723138125613331794738769531250000000, 2.788533142050494184616127313347533345222473144531250000000000, 1.570796326794896557998981734272092580795288085937500000000000
 0.005051846064615040342304919107618843554519116878509521484375, 0.000000000000000000000000000000000000000000000000000000000000,-0.345770219761128483337841998945805244147777557373046875000000, 0.938319218137591448680723260622471570968627929687500000000000, 0.353059511539299430982197236517095007002353668212890625000000, 4.712388980384689673996945202816277742385864257812500000000000
 0.005051846064615040342304919107618843554519116878509521484375, 0.000000000000000000000000000000000000000000000000000000000000,-0.345770219761128316804388305172324180603027343750000000000000,-0.938319218137591559703025723138125613331794738769531250000000, 2.788533142050494184616127313347533345222473144531250000000000, 4.712388980384689673996945202816277742385864257812500000000000
 0.005051846064615040342304919107618843554519116878509521484375, 0.000000000000000000000000000000000000000000000000000000000000, 0.938319218137591559703025723138125613331794738769531250000000, 0.345770219761128316804388305172324180603027343750000000000000, 1.217736815255597404572540654044132679700851440429687500000000, 1.570796326794896557998981734272092580795288085937500000000000
 0.005051846064615040342304919107618843554519116878509521484375, 0.000000000000000000000000000000000000000000000000000000000000, 0.938319218137591448680723260622471570968627929687500000000000,-0.345770219761128483337841998945805244147777557373046875000000, 1.923855838334195933470027739531360566616058349609375000000000, 1.570796326794896557998981734272092580795288085937500000000000
 0.005051846064615040342304919107618843554519116878509521484375, 0.000000000000000000000000000000000000000000000000000000000000,-0.938319218137591559703025723138125613331794738769531250000000, 0.345770219761128316804388305172324180603027343750000000000000, 1.217736815255597404572540654044132679700851440429687500000000, 4.712388980384689673996945202816277742385864257812500000000000
 0.005051846064615040342304919107618843554519116878509521484375, 0.000000000000000000000000000000000000000000000000000000000000,-0.938319218137591448680723260622471570968627929687500000000000,-0.345770219761128483337841998945805244147777557373046875000000, 1.923855838334195933470027739531360566616058349609375000000000, 4.712388980384689673996945202816277742385864257812500000000000
 0.005530248916233044924328776659194772946648299694061279296875, 0.159041710538353087134311181216617114841938018798828125000000, 0.836036015482458871872495365096256136894226074218750000000000, 0.525118572443641906666300656070234254002571105957031250000000, 1.017941891375082175130728501244448125362396240234375000000000, 1.382809425929823143874841662182006984949111938476562500000000
 0.005530248916233044924328776659194772946648299694061279296875, 0.159041710538353087134311181216617114841938018798828125000000, 0.836036015482458871872495365096256136894226074218750000000000,-0.525118572443641906666300656070234254002571105957031250000000, 2.123650762214710940867234967299737036228179931640625000000000, 1.382809425929823143874841662182006984949111938476562500000000
 0.005530248916233044924328776659194772946648299694061279296875, 0.159041710538353087134311181216617114841938018798828125000000,-0.836036015482458871872495365096256136894226074218750000000000, 0.525118572443641906666300656070234254002571105957031250000000, 1.017941891375082175130728501244448125362396240234375000000000, 4.900375881249763310165690199937671422958374023437500000000000
 0.005530248916233044924328776659194772946648299694061279296875, 0.159041710538353087134311181216617114841938018798828125000000,-0.836036015482458871872495365096256136894226074218750000000000,-0.525118572443641906666300656070234254002571105957031250000000, 2.123650762214710940867234967299737036228179931640625000000000, 4.900375881249763310165690199937671422958374023437500000000000
 0.005530248916233044924328776659194772946648299694061279296875,-0.159041710538353087134311181216617114841938018798828125000000, 0.836036015482458871872495365096256136894226074218750000000000, 0.525118572443641906666300656070234254002571105957031250000000, 1.017941891375082175130728501244448125362396240234375000000000, 1.758783227659970194167726731393486261367797851562500000000000
 0.005530248916233044924328776659194772946648299694061279296875,-0.159041710538353087134311181216617114841938018798828125000000, 0.836036015482458871872495365096256136894226074218750000000000,-0.525118572443641906666300656070234254002571105957031250000000, 2.123650762214710940867234967299737036228179931640625000000000, 1.758783227659970194167726731393486261367797851562500000000000
 0.005530248916233044924328776659194772946648299694061279296875,-0.159041710538353087134311181216617114841938018798828125000000,-0.836036015482458871872495365096256136894226074218750000000000, 0.525118572443641906666300656070234254002571105957031250000000, 1.017941891375082175130728501244448125362396240234375000000000, 4.524402079519616037828200205694884061813354492187500000000000
 0.005530248916233044924328776659194772946648299694061279296875,-0.159041710538353087134311181216617114841938018798828125000000,-0.836036015482458871872495365096256136894226074218750000000000,-0.525118572443641906666300656070234254002571105957031250000000, 2.123650762214710940867234967299737036228179931640625000000000, 4.524402079519616037828200205694884061813354492187500000000000
 0.005530248916233044924328776659194772946648299694061279296875, 0.159041710538352892845281871814222540706396102905273437500000, 0.525118572443642017688603118585888296365737915039062500000000, 0.836036015482458871872495365096256136894226074218750000000000, 0.580778034089788008920152151404181495308876037597656250000000, 1.276710248794548308026719496410805732011795043945312500000000
 0.005530248916233044924328776659194772946648299694061279296875, 0.159041710538352892845281871814222540706396102905273437500000, 0.525118572443641795643998193554580211639404296875000000000000,-0.836036015482458982894797827611910179257392883300781250000000, 2.560814619500005662189323629718273878097534179687500000000000, 1.276710248794548085982114571379497647285461425781250000000000
 0.005530248916233044924328776659194772946648299694061279296875, 0.159041710538352892845281871814222540706396102905273437500000,-0.525118572443642017688603118585888296365737915039062500000000, 0.836036015482458871872495365096256136894226074218750000000000, 0.580778034089788008920152151404181495308876037597656250000000, 5.006475058385038146013812365708872675895690917968750000000000
 0.005530248916233044924328776659194772946648299694061279296875, 0.159041710538352892845281871814222540706396102905273437500000,-0.525118572443641795643998193554580211639404296875000000000000,-0.836036015482458982894797827611910179257392883300781250000000, 2.560814619500005662189323629718273878097534179687500000000000, 5.006475058385038146013812365708872675895690917968750000000000
 0.005530248916233044924328776659194772946648299694061279296875,-0.159041710538353087134311181216617114841938018798828125000000, 0.525118572443642017688603118585888296365737915039062500000000, 0.836036015482458871872495365096256136894226074218750000000000, 0.580778034089788008920152151404181495308876037597656250000000, 1.864882404795245252060453822195995599031448364257812500000000
 0.005530248916233044924328776659194772946648299694061279296875,-0.159041710538353003867584334329876583069562911987304687500000, 0.525118572443641795643998193554580211639404296875000000000000,-0.836036015482458982894797827611910179257392883300781250000000, 2.560814619500005662189323629718273878097534179687500000000000, 1.864882404795245252060453822195995599031448364257812500000000
 0.005530248916233044924328776659194772946648299694061279296875,-0.159041710538353087134311181216617114841938018798828125000000,-0.525118572443642017688603118585888296365737915039062500000000, 0.836036015482458871872495365096256136894226074218750000000000, 0.580778034089788008920152151404181495308876037597656250000000, 4.418302902384341201980078039923682808876037597656250000000000
 0.005530248916233044924328776659194772946648299694061279296875,-0.159041710538353003867584334329876583069562911987304687500000,-0.525118572443641795643998193554580211639404296875000000000000,-0.836036015482458982894797827611910179257392883300781250000000, 2.560814619500005662189323629718273878097534179687500000000000, 4.418302902384341201980078039923682808876037597656250000000000
 0.005530248916233044924328776659194772946648299694061279296875, 0.836036015482458871872495365096256136894226074218750000000000, 0.159041710538353003867584334329876583069562911987304687500000, 0.525118572443641906666300656070234254002571105957031250000000, 1.017941891375082175130728501244448125362396240234375000000000, 0.187986900865073441879715687718999106436967849731445312500000
 0.005530248916233044924328776659194772946648299694061279296875, 0.836036015482458871872495365096256136894226074218750000000000, 0.159041710538353003867584334329876583069562911987304687500000,-0.525118572443641906666300656070234254002571105957031250000000, 2.123650762214710940867234967299737036228179931640625000000000, 0.187986900865073441879715687718999106436967849731445312500000
 0.005530248916233044924328776659194772946648299694061279296875, 0.836036015482458871872495365096256136894226074218750000000000,-0.159041710538353003867584334329876583069562911987304687500000, 0.525118572443641906666300656070234254002571105957031250000000, 1.017941891375082175130728501244448125362396240234375000000000, 6.095198406314512595827181939966976642608642578125000000000000
 0.005530248916233044924328776659194772946648299694061279296875, 0.836036015482458871872495365096256136894226074218750000000000,-0.159041710538353003867584334329876583069562911987304687500000,-0.525118572443641906666300656070234254002571105957031250000000, 2.123650762214710940867234967299737036228179931640625000000000, 6.095198406314512595827181939966976642608642578125000000000000
 0.005530248916233044924328776659194772946648299694061279296875,-0.836036015482458982894797827611910179257392883300781250000000, 0.159041710538352587533950099896173924207687377929687500000000, 0.525118572443641906666300656070234254002571105957031250000000, 1.017941891375082175130728501244448125362396240234375000000000, 2.953605752724720368007638171548023819923400878906250000000000
 0.005530248916233044924328776659194772946648299694061279296875,-0.836036015482458982894797827611910179257392883300781250000000, 0.159041710538352587533950099896173924207687377929687500000000,-0.525118572443641906666300656070234254002571105957031250000000, 2.123650762214710940867234967299737036228179931640625000000000, 2.953605752724720368007638171548023819923400878906250000000000
 0.005530248916233044924328776659194772946648299694061279296875,-0.836036015482458982894797827611910179257392883300781250000000,-0.159041710538352587533950099896173924207687377929687500000000, 0.525118572443641906666300656070234254002571105957031250000000, 1.017941891375082175130728501244448125362396240234375000000000, 3.329579554454865863988288765540346503257751464843750000000000
 0.005530248916233044924328776659194772946648299694061279296875,-0.836036015482458982894797827611910179257392883300781250000000,-0.159041710538352587533950099896173924207687377929687500000000,-0.525118572443641906666300656070234254002571105957031250000000, 2.123650762214710940867234967299737036228179931640625000000000, 3.329579554454865863988288765540346503257751464843750000000000
 0.005530248916233044924328776659194772946648299694061279296875, 0.836036015482458871872495365096256136894226074218750000000000, 0.525118572443642017688603118585888296365737915039062500000000, 0.159041710538353003867584334329876583069562911987304687500000, 1.411076393843182730236662791867274791002273559570312500000000, 0.560829155701866532979238400002941489219665527343750000000000
 0.005530248916233044924328776659194772946648299694061279296875, 0.836036015482458871872495365096256136894226074218750000000000, 0.525118572443642017688603118585888296365737915039062500000000,-0.159041710538353003867584334329876583069562911987304687500000, 1.730516259746610607805905601708218455314636230468750000000000, 0.560829155701866532979238400002941489219665527343750000000000
 0.005530248916233044924328776659194772946648299694061279296875, 0.836036015482458871872495365096256136894226074218750000000000,-0.525118572443642017688603118585888296365737915039062500000000, 0.159041710538353003867584334329876583069562911987304687500000, 1.411076393843182730236662791867274791002273559570312500000000, 5.722356151477719699016688537085428833961486816406250000000000
 0.005530248916233044924328776659194772946648299694061279296875, 0.836036015482458871872495365096256136894226074218750000000000,-0.525118572443642017688603118585888296365737915039062500000000,-0.159041710538353003867584334329876583069562911987304687500000, 1.730516259746610607805905601708218455314636230468750000000000, 5.722356151477719699016688537085428833961486816406250000000000
 0.005530248916233044924328776659194772946648299694061279296875,-0.836036015482458871872495365096256136894226074218750000000000, 0.525118572443642017688603118585888296365737915039062500000000, 0.159041710538353003867584334329876583069562911987304687500000, 1.411076393843182730236662791867274791002273559570312500000000, 2.580763497887926583018725068541243672370910644531250000000000
 0.005530248916233044924328776659194772946648299694061279296875,-0.836036015482458871872495365096256136894226074218750000000000, 0.525118572443642017688603118585888296365737915039062500000000,-0.159041710538353003867584334329876583069562911987304687500000, 1.730516259746610607805905601708218455314636230468750000000000, 2.580763497887926583018725068541243672370910644531250000000000
 0.005530248916233044924328776659194772946648299694061279296875,-0.836036015482458871872495365096256136894226074218750000000000,-0.525118572443642017688603118585888296365737915039062500000000, 0.159041710538353003867584334329876583069562911987304687500000, 1.411076393843182730236662791867274791002273559570312500000000, 3.702421809291659648977201868547126650810241699218750000000000
 0.005530248916233044924328776659194772946648299694061279296875,-0.836036015482458871872495365096256136894226074218750000000000,-0.525118572443642017688603118585888296365737915039062500000000,-0.159041710538353003867584334329876583069562911987304687500000, 1.730516259746610607805905601708218455314636230468750000000000, 3.702421809291659648977201868547126650810241699218750000000000
 0.005530248916233044924328776659194772946648299694061279296875, 0.525118572443642017688603118585888296365737915039062500000000, 0.159041710538352892845281871814222540706396102905273437500000, 0.836036015482458871872495365096256136894226074218750000000000, 0.580778034089788008920152151404181495308876037597656250000000, 0.294086078000348305483413469119113869965076446533203125000000
 0.005530248916233044924328776659194772946648299694061279296875, 0.525118572443641795643998193554580211639404296875000000000000, 0.159041710538352892845281871814222540706396102905273437500000,-0.836036015482458982894797827611910179257392883300781250000000, 2.560814619500005662189323629718273878097534179687500000000000, 0.294086078000348416505715931634767912328243255615234375000000
 0.005530248916233044924328776659194772946648299694061279296875, 0.525118572443642017688603118585888296365737915039062500000000,-0.159041710538352892845281871814222540706396102905273437500000, 0.836036015482458871872495365096256136894226074218750000000000, 0.580778034089788008920152151404181495308876037597656250000000, 5.989099229179237759979059774195775389671325683593750000000000
 0.005530248916233044924328776659194772946648299694061279296875, 0.525118572443641795643998193554580211639404296875000000000000,-0.159041710538352892845281871814222540706396102905273437500000,-0.836036015482458982894797827611910179257392883300781250000000, 2.560814619500005662189323629718273878097534179687500000000000, 5.989099229179237759979059774195775389671325683593750000000000
 0.005530248916233044924328776659194772946648299694061279296875,-0.525118572443642128710905581101542338728904724121093750000000, 0.159041710538352698556252562411827966570854187011718750000000, 0.836036015482458871872495365096256136894226074218750000000000, 0.580778034089788008920152151404181495308876037597656250000000, 2.847506575589445532159516005776822566986083984375000000000000
 0.005530248916233044924328776659194772946648299694061279296875,-0.525118572443641906666300656070234254002571105957031250000000, 0.159041710538352587533950099896173924207687377929687500000000,-0.836036015482458982894797827611910179257392883300781250000000, 2.560814619500005662189323629718273878097534179687500000000000, 2.847506575589445532159516005776822566986083984375000000000000
 0.005530248916233044924328776659194772946648299694061279296875,-0.525118572443642128710905581101542338728904724121093750000000,-0.159041710538352698556252562411827966570854187011718750000000, 0.836036015482458871872495365096256136894226074218750000000000, 0.580778034089788008920152151404181495308876037597656250000000, 3.435678731590140699836410931311547756195068359375000000000000
 0.005530248916233044924328776659194772946648299694061279296875,-0.525118572443641906666300656070234254002571105957031250000000,-0.159041710538352587533950099896173924207687377929687500000000,-0.836036015482458982894797827611910179257392883300781250000000, 2.560814619500005662189323629718273878097534179687500000000000, 3.435678731590140699836410931311547756195068359375000000000000
 0.005530248916233044924328776659194772946648299694061279296875, 0.525118572443642017688603118585888296365737915039062500000000, 0.836036015482458871872495365096256136894226074218750000000000, 0.159041710538353003867584334329876583069562911987304687500000, 1.411076393843182730236662791867274791002273559570312500000000, 1.009967171093030025019743334269151091575622558593750000000000
 0.005530248916233044924328776659194772946648299694061279296875, 0.525118572443642017688603118585888296365737915039062500000000, 0.836036015482458871872495365096256136894226074218750000000000,-0.159041710538353003867584334329876583069562911987304687500000, 1.730516259746610607805905601708218455314636230468750000000000, 1.009967171093030025019743334269151091575622558593750000000000
 0.005530248916233044924328776659194772946648299694061279296875, 0.525118572443642017688603118585888296365737915039062500000000,-0.836036015482458871872495365096256136894226074218750000000000, 0.159041710538353003867584334329876583069562911987304687500000, 1.411076393843182730236662791867274791002273559570312500000000, 5.273218136086556206976183602819219231605529785156250000000000
 0.005530248916233044924328776659194772946648299694061279296875, 0.525118572443642017688603118585888296365737915039062500000000,-0.836036015482458871872495365096256136894226074218750000000000,-0.159041710538353003867584334329876583069562911987304687500000, 1.730516259746610607805905601708218455314636230468750000000000, 5.273218136086556206976183602819219231605529785156250000000000
 0.005530248916233044924328776659194772946648299694061279296875,-0.525118572443642017688603118585888296365737915039062500000000, 0.836036015482458871872495365096256136894226074218750000000000, 0.159041710538353003867584334329876583069562911987304687500000, 1.411076393843182730236662791867274791002273559570312500000000, 2.131625482496763090978220134275034070014953613281250000000000
 0.005530248916233044924328776659194772946648299694061279296875,-0.525118572443642017688603118585888296365737915039062500000000, 0.836036015482458871872495365096256136894226074218750000000000,-0.159041710538353003867584334329876583069562911987304687500000, 1.730516259746610607805905601708218455314636230468750000000000, 2.131625482496763090978220134275034070014953613281250000000000
 0.005530248916233044924328776659194772946648299694061279296875,-0.525118572443642017688603118585888296365737915039062500000000,-0.836036015482458871872495365096256136894226074218750000000000, 0.159041710538353003867584334329876583069562911987304687500000, 1.411076393843182730236662791867274791002273559570312500000000, 4.151559824682823141017706802813336253166198730468750000000000
 0.005530248916233044924328776659194772946648299694061279296875,-0.525118572443642017688603118585888296365737915039062500000000,-0.836036015482458871872495365096256136894226074218750000000000,-0.159041710538353003867584334329876583069562911987304687500000, 1.730516259746610607805905601708218455314636230468750000000000, 4.151559824682823141017706802813336253166198730468750000000000
