# count
170
# w,cx,cy,cz,theta,phi
 0.005544842902037038293028281543683988275006413459777832031250, 1.000000000000000000000000000000000000000000000000000000000000, 0.000000000000000000000000000000000000000000000000000000000000, 0.000000000000000000000000000000000000000000000000000000000000, 1.570796326794896557998981734272092580795288085937500000000000, 0.000000000000000000000000000000000000000000000000000000000000
 0.005544842902037038293028281543683988275006413459777832031250,-1.000000000000000000000000000000000000000000000000000000000000, 0.000000000000000000000000000000000000000000000000000000000000, 0.000000000000000000000000000000000000000000000000000000000000, 1.570796326794896557998981734272092580795288085937500000000000, 3.141592653589793115997963468544185161590576171875000000000000
 0.005544842902037038293028281543683988275006413459777832031250, 0.000000000000000000000000000000000000000000000000000000000000, 1.000000000000000000000000000000000000000000000000000000000000, 0.000000000000000000000000000000000000000000000000000000000000, 1.570796326794896557998981734272092580795288085937500000000000, 1.570796326794896557998981734272092580795288085937500000000000
 0.005544842902037038293028281543683988275006413459777832031250, 0.000000000000000000000000000000000000000000000000000000000000,-1.000000000000000000000000000000000000000000000000000000000000, 0.000000000000000000000000000000000000000000000000000000000000, 1.570796326794896557998981734272092580795288085937500000000000, 4.712388980384689673996945202816277742385864257812500000000000
 0.005544842902037038293028281543683988275006413459777832031250, 0.000000000000000000000000000000000000000000000000000000000000, 0.000000000000000000000000000000000000000000000000000000000000, 1.000000000000000000000000000000000000000000000000000000000000, 0.000000000000000000000000000000000000000000000000000000000000, 0.000000000000000000000000000000000000000000000000000000000000
 0.005544842902037038293028281543683988275006413459777832031250, 0.000000000000000000000000000000000000000000000000000000000000, 0.000000000000000000000000000000000000000000000000000000000000,-1.000000000000000000000000000000000000000000000000000000000000, 3.141592653589793115997963468544185161590576171875000000000000, 0.000000000000000000000000000000000000000000000000000000000000
 0.006071332770671043939370026265578417223878204822540283203125, 0.000000000000000000000000000000000000000000000000000000000000, 0.707106781186547461715008466853760182857513427734375000000000, 0.707106781186547461715008466853760182857513427734375000000000, 0.785398163397448278999490867136046290397644042968750000000000, 1.570796326794896557998981734272092580795288085937500000000000
 0.006071332770671043939370026265578417223878204822540283203125, 0.000000000000000000000000000000000000000000000000000000000000, 0.707106781186547461715008466853760182857513427734375000000000,-0.707106781186547461715008466853760182857513427734375000000000, 2.356194490192344836998472601408138871192932128906250000000000, 1.570796326794896557998981734272092580795288085937500000000000
 0.006071332770671043939370026265578417223878204822540283203125, 0.000000000000000000000000000000000000000000000000000000000000,-0.707106781186547461715008466853760182857513427734375000000000, 0.707106781186547461715008466853760182857513427734375000000000, 0.785398163397448278999490867136046290397644042968750000000000, 4.712388980384689673996945202816277742385864257812500000000000
 0.006071332770671043939370026265578417223878204822540283203125, 0.000000000000000000000000000000000000000000000000000000000000,-0.707106781186547461715008466853760182857513427734375000000000,-0.707106781186547461715008466853760182857513427734375000000000, 2.356194490192344836998472601408138871192932128906250000000000, 4.712388980384689673996945202816277742385864257812500000000000
 0.006071332770671043939370026265578417223878204822540283203125, 0.707106781186547461715008466853760182857513427734375000000000, 0.000000000000000000000000000000000000000000000000000000000000, 0.707106781186547461715008466853760182857513427734375000000000, 0.785398163397448278999490867136046290397644042968750000000000, 0.000000000000000000000000000000000000000000000000000000000000
 0.006071332770671043939370026265578417223878204822540283203125, 0.707106781186547461715008466853760182857513427734375000000000, 0.000000000000000000000000000000000000000000000000000000000000,-0.707106781186547461715008466853760182857513427734375000000000, 2.356194490192344836998472601408138871192932128906250000000000, 0.000000000000000000000000000000000000000000000000000000000000
 0.006071332770671043939370026265578417223878204822540283203125,-0.707106781186547461715008466853760182857513427734375000000000, 0.000000000000000000000000000000000000000000000000000000000000, 0.707106781186547461715008466853760182857513427734375000000000, 0.785398163397448278999490867136046290397644042968750000000000, 3.141592653589793115997963468544185161590576171875000000000000
 0.006071332770671043939370026265578417223878204822540283203125,-0.707106781186547461715008466853760182857513427734375000000000, 0.000000000000000000000000000000000000000000000000000000000000,-0.707106781186547461715008466853760182857513427734375000000000, 2.356194490192344836998472601408138871192932128906250000000000, 3.141592653589793115997963468544185161590576171875000000000000
 0.006071332770671043939370026265578417223878204822540283203125, 0.707106781186547461715008466853760182857513427734375000000000, 0.707106781186547461715008466853760182857513427734375000000000, 0.000000000000000000000000000000000000000000000000000000000000, 1.570796326794896557998981734272092580795288085937500000000000, 0.785398163397448278999490867136046290397644042968750000000000
 0.006071332770671043939370026265578417223878204822540283203125, 0.707106781186547461715008466853760182857513427734375000000000,-0.707106781186547461715008466853760182857513427734375000000000, 0.000000000000000000000000000000000000000000000000000000000000, 1.570796326794896557998981734272092580795288085937500000000000, 5.497787143782137952996436069952324032783508300781250000000000
 0.006071332770671043939370026265578417223878204822540283203125,-0.707106781186547461715008466853760182857513427734375000000000, 0.707106781186547461715008466853760182857513427734375000000000, 0.000000000000000000000000000000000000000000000000000000000000, 1.570796326794896557998981734272092580795288085937500000000000, 2.356194490192344836998472601408138871192932128906250000000000
 0.006071332770671043939370026265578417223878204822540283203125,-0.707106781186547461715008466853760182857513427734375000000000,-0.707106781186547461715008466853760182857513427734375000000000, 0.000000000000000000000000000000000000000000000000000000000000, 1.570796326794896557998981734272092580795288085937500000000000, 3.926990816987241394997454335680231451988220214843750000000000
 0.006383674773515045190730443636084601166658103466033935546875, 0.577350269189625731058868041145615279674530029296875000000000, 0.577350269189625731058868041145615279674530029296875000000000, 0.577350269189625731058868041145615279674530029296875000000000, 0.955316618124509298048963046312564983963966369628906250000000, 0.785398163397448278999490867136046290397644042968750000000000
 0.006383674773515045190730443636084601166658103466033935546875, 0.577350269189625731058868041145615279674530029296875000000000, 0.577350269189625731058868041145615279674530029296875000000000,-0.577350269189625731058868041145615279674530029296875000000000, 2.186276035465283928971302884747274219989776611328125000000000, 0.785398163397448278999490867136046290397644042968750000000000
 0.006383674773515045190730443636084601166658103466033935546875, 0.577350269189625731058868041145615279674530029296875000000000,-0.577350269189625731058868041145615279674530029296875000000000, 0.577350269189625731058868041145615279674530029296875000000000, 0.955316618124509298048963046312564983963966369628906250000000, 5.497787143782137952996436069952324032783508300781250000000000
 0.006383674773515045190730443636084601166658103466033935546875, 0.577350269189625731058868041145615279674530029296875000000000,-0.577350269189625731058868041145615279674530029296875000000000,-0.577350269189625731058868041145615279674530029296875000000000, 2.186276035465283928971302884747274219989776611328125000000000, 5.497787143782137952996436069952324032783508300781250000000000
 0.006383674773515045190730443636084601166658103466033935546875,-0.577350269189625731058868041145615279674530029296875000000000, 0.577350269189625731058868041145615279674530029296875000000000, 0.577350269189625731058868041145615279674530029296875000000000, 0.955316618124509298048963046312564983963966369628906250000000, 2.356194490192344836998472601408138871192932128906250000000000
 0.006383674773515045190730443636084601166658103466033935546875,-0.577350269189625731058868041145615279674530029296875000000000, 0.577350269189625731058868041145615279674530029296875000000000,-0.577350269189625731058868041145615279674530029296875000000000, 2.186276035465283928971302884747274219989776611328125000000000, 2.356194490192344836998472601408138871192932128906250000000000
 0.006383674773515045190730443636084601166658103466033935546875,-0.577350269189625731058868041145615279674530029296875000000000,-0.577350269189625731058868041145615279674530029296875000000000, 0.577350269189625731058868041145615279674530029296875000000000, 0.955316618124509298048963046312564983963966369628906250000000, 3.926990816987241394997454335680231451988220214843750000000000
 0.006383674773515045190730443636084601166658103466033935546875,-0.577350269189625731058868041145615279674530029296875000000000,-0.577350269189625731058868041145615279674530029296875000000000,-0.577350269189625731058868041145615279674530029296875000000000, 2.186276035465283928971302884747274219989776611328125000000000, 3.926990816987241394997454335680231451988220214843750000000000
 0.005183387587748036241797056078439709381200373172760009765625, 0.255125262111413508847590492223389446735382080078125000000000, 0.255125262111413508847590492223389446735382080078125000000000, 0.932642590312690589193778123444644734263420104980468750000000, 0.369127250133442608159839437576010823249816894531250000000000, 0.785398163397448278999490867136046290397644042968750000000000
 0.005183387587748036241797056078439709381200373172760009765625, 0.255125262111413175780683104676427319645881652832031250000000, 0.255125262111413175780683104676427319645881652832031250000000,-0.932642590312690700216080585960298776626586914062500000000000, 2.772465403456350951927333881030790507793426513671875000000000, 0.785398163397448278999490867136046290397644042968750000000000
 0.005183387587748036241797056078439709381200373172760009765625, 0.255125262111413508847590492223389446735382080078125000000000,-0.255125262111413508847590492223389446735382080078125000000000, 0.932642590312690589193778123444644734263420104980468750000000, 0.369127250133442608159839437576010823249816894531250000000000, 5.497787143782137952996436069952324032783508300781250000000000
 0.005183387587748036241797056078439709381200373172760009765625, 0.255125262111413175780683104676427319645881652832031250000000,-0.255125262111413175780683104676427319645881652832031250000000,-0.932642590312690700216080585960298776626586914062500000000000, 2.772465403456350951927333881030790507793426513671875000000000, 5.497787143782137952996436069952324032783508300781250000000000
 0.005183387587748036241797056078439709381200373172760009765625,-0.255125262111413508847590492223389446735382080078125000000000, 0.255125262111413508847590492223389446735382080078125000000000, 0.932642590312690589193778123444644734263420104980468750000000, 0.369127250133442608159839437576010823249816894531250000000000, 2.356194490192344836998472601408138871192932128906250000000000
 0.005183387587748036241797056078439709381200373172760009765625,-0.255125262111413175780683104676427319645881652832031250000000, 0.255125262111413175780683104676427319645881652832031250000000,-0.932642590312690700216080585960298776626586914062500000000000, 2.772465403456350951927333881030790507793426513671875000000000, 2.356194490192344836998472601408138871192932128906250000000000
 0.005183387587748036241797056078439709381200373172760009765625,-0.255125262111413508847590492223389446735382080078125000000000,-0.255125262111413508847590492223389446735382080078125000000000, 0.932642590312690589193778123444644734263420104980468750000000, 0.369127250133442608159839437576010823249816894531250000000000, 3.926990816987241394997454335680231451988220214843750000000000
 0.005183387587748036241797056078439709381200373172760009765625,-0.255125262111413175780683104676427319645881652832031250000000,-0.255125262111413175780683104676427319645881652832031250000000,-0.932642590312690700216080585960298776626586914062500000000000, 2.772465403456350951927333881030790507793426513671875000000000, 3.926990816987241394997454335680231451988220214843750000000000
 0.005183387587748036241797056078439709381200373172760009765625, 0.255125262111413286802985567192081362009048461914062500000000, 0.932642590312690589193778123444644734263420104980468750000000, 0.255125262111413286802985567192081362009048461914062500000000, 1.312819076650979521758699775091372430324554443359375000000000, 1.303777789064755499026659890660084784030914306640625000000000
 0.005183387587748036241797056078439709381200373172760009765625, 0.255125262111413286802985567192081362009048461914062500000000,-0.932642590312690589193778123444644734263420104980468750000000, 0.255125262111413286802985567192081362009048461914062500000000, 1.312819076650979521758699775091372430324554443359375000000000, 4.979407518114831177058476896490901708602905273437500000000000
 0.005183387587748036241797056078439709381200373172760009765625, 0.255125262111413286802985567192081362009048461914062500000000, 0.932642590312690589193778123444644734263420104980468750000000,-0.255125262111413508847590492223389446735382080078125000000000, 1.828773576938813816283868618484120815992355346679687500000000, 1.303777789064755499026659890660084784030914306640625000000000
 0.005183387587748036241797056078439709381200373172760009765625, 0.255125262111413286802985567192081362009048461914062500000000,-0.932642590312690589193778123444644734263420104980468750000000,-0.255125262111413508847590492223389446735382080078125000000000, 1.828773576938813816283868618484120815992355346679687500000000, 4.979407518114831177058476896490901708602905273437500000000000
 0.005183387587748036241797056078439709381200373172760009765625,-0.255125262111413508847590492223389446735382080078125000000000, 0.932642590312690589193778123444644734263420104980468750000000, 0.255125262111413286802985567192081362009048461914062500000000, 1.312819076650979743803304700122680515050888061523437500000000, 1.837814864525038061060513427946716547012329101562500000000000
 0.005183387587748036241797056078439709381200373172760009765625,-0.255125262111413508847590492223389446735382080078125000000000,-0.932642590312690589193778123444644734263420104980468750000000, 0.255125262111413286802985567192081362009048461914062500000000, 1.312819076650979743803304700122680515050888061523437500000000, 4.445370442654548170935413509141653776168823242187500000000000
 0.005183387587748036241797056078439709381200373172760009765625,-0.255125262111413508847590492223389446735382080078125000000000, 0.932642590312690589193778123444644734263420104980468750000000,-0.255125262111413508847590492223389446735382080078125000000000, 1.828773576938813816283868618484120815992355346679687500000000, 1.837814864525038061060513427946716547012329101562500000000000
 0.005183387587748036241797056078439709381200373172760009765625,-0.255125262111413508847590492223389446735382080078125000000000,-0.932642590312690589193778123444644734263420104980468750000000,-0.255125262111413508847590492223389446735382080078125000000000, 1.828773576938813816283868618484120815992355346679687500000000, 4.445370442654548170935413509141653776168823242187500000000000
 0.005183387587748036241797056078439709381200373172760009765625, 0.932642590312690589193778123444644734263420104980468750000000, 0.255125262111413397825288029707735404372215270996093750000000, 0.255125262111413286802985567192081362009048461914062500000000, 1.312819076650979521758699775091372430324554443359375000000000, 0.267018537730141225505775537385488860309123992919921875000000
 0.005183387587748036241797056078439709381200373172760009765625,-0.932642590312690589193778123444644734263420104980468750000000, 0.255125262111413286802985567192081362009048461914062500000000, 0.255125262111413286802985567192081362009048461914062500000000, 1.312819076650979521758699775091372430324554443359375000000000, 2.874574115859652057025641624932177364826202392578125000000000
 0.005183387587748036241797056078439709381200373172760009765625, 0.932642590312690589193778123444644734263420104980468750000000, 0.255125262111413397825288029707735404372215270996093750000000,-0.255125262111413508847590492223389446735382080078125000000000, 1.828773576938813816283868618484120815992355346679687500000000, 0.267018537730141225505775537385488860309123992919921875000000
 0.005183387587748036241797056078439709381200373172760009765625,-0.932642590312690589193778123444644734263420104980468750000000, 0.255125262111413286802985567192081362009048461914062500000000,-0.255125262111413508847590492223389446735382080078125000000000, 1.828773576938813816283868618484120815992355346679687500000000, 2.874574115859652057025641624932177364826202392578125000000000
 0.005183387587748036241797056078439709381200373172760009765625, 0.932642590312690589193778123444644734263420104980468750000000,-0.255125262111413397825288029707735404372215270996093750000000, 0.255125262111413286802985567192081362009048461914062500000000, 1.312819076650979521758699775091372430324554443359375000000000, 6.016166769449444728934395243413746356964111328125000000000000
 0.005183387587748036241797056078439709381200373172760009765625,-0.932642590312690589193778123444644734263420104980468750000000,-0.255125262111413286802985567192081362009048461914062500000000, 0.255125262111413286802985567192081362009048461914062500000000, 1.312819076650979521758699775091372430324554443359375000000000, 3.408611191319934174970285312156192958354949951171875000000000
 0.005183387587748036241797056078439709381200373172760009765625, 0.932642590312690589193778123444644734263420104980468750000000,-0.255125262111413397825288029707735404372215270996093750000000,-0.255125262111413508847590492223389446735382080078125000000000, 1.828773576938813816283868618484120815992355346679687500000000, 6.016166769449444728934395243413746356964111328125000000000000
 0.005183387587748036241797056078439709381200373172760009765625,-0.932642590312690589193778123444644734263420104980468750000000,-0.255125262111413286802985567192081362009048461914062500000000,-0.255125262111413508847590492223389446735382080078125000000000, 1.828773576938813816283868618484120815992355346679687500000000, 3.408611191319934174970285312156192958354949951171875000000000
 0.006317929009814045315795993928986717946827411651611328125000, 0.674360146036276475456361367832869291305541992187500000000000, 0.674360146036276475456361367832869291305541992187500000000000, 0.300793595137701486041947873673052527010440826416015625000000, 1.265271650081032817070081364363431930541992187500000000000000, 0.785398163397448278999490867136046290397644042968750000000000
 0.006317929009814045315795993928986717946827411651611328125000, 0.674360146036276475456361367832869291305541992187500000000000, 0.674360146036276475456361367832869291305541992187500000000000,-0.300793595137701486041947873673052527010440826416015625000000, 1.876321003508760520972487029212061315774917602539062500000000, 0.785398163397448278999490867136046290397644042968750000000000
 0.006317929009814045315795993928986717946827411651611328125000, 0.674360146036276475456361367832869291305541992187500000000000,-0.674360146036276475456361367832869291305541992187500000000000, 0.300793595137701486041947873673052527010440826416015625000000, 1.265271650081032817070081364363431930541992187500000000000000, 5.497787143782137952996436069952324032783508300781250000000000
 0.006317929009814045315795993928986717946827411651611328125000, 0.674360146036276475456361367832869291305541992187500000000000,-0.674360146036276475456361367832869291305541992187500000000000,-0.300793595137701486041947873673052527010440826416015625000000, 1.876321003508760520972487029212061315774917602539062500000000, 5.497787143782137952996436069952324032783508300781250000000000
 0.006317929009814045315795993928986717946827411651611328125000,-0.674360146036276475456361367832869291305541992187500000000000, 0.674360146036276475456361367832869291305541992187500000000000, 0.300793595137701486041947873673052527010440826416015625000000, 1.265271650081032817070081364363431930541992187500000000000000, 2.356194490192344836998472601408138871192932128906250000000000
 0.006317929009814045315795993928986717946827411651611328125000,-0.674360146036276475456361367832869291305541992187500000000000, 0.674360146036276475456361367832869291305541992187500000000000,-0.300793595137701486041947873673052527010440826416015625000000, 1.876321003508760520972487029212061315774917602539062500000000, 2.356194490192344836998472601408138871192932128906250000000000
 0.006317929009814045315795993928986717946827411651611328125000,-0.674360146036276475456361367832869291305541992187500000000000,-0.674360146036276475456361367832869291305541992187500000000000, 0.300793595137701486041947873673052527010440826416015625000000, 1.265271650081032817070081364363431930541992187500000000000000, 3.926990816987241394997454335680231451988220214843750000000000
 0.006317929009814045315795993928986717946827411651611328125000,-0.674360146036276475456361367832869291305541992187500000000000,-0.674360146036276475456361367832869291305541992187500000000000,-0.300793595137701486041947873673052527010440826416015625000000, 1.876321003508760520972487029212061315774917602539062500000000, 3.926990816987241394997454335680231451988220214843750000000000
 0.006317929009814045315795993928986717946827411651611328125000, 0.674360146036276586478663830348523333668708801269531250000000, 0.300793595137701486041947873673052527010440826416015625000000, 0.674360146036276475456361367832869291305541992187500000000000, 0.830698505928324837377374478819547221064567565917968750000000, 0.419558379604127951179037836482166312634944915771484375000000
 0.006317929009814045315795993928986717946827411651611328125000, 0.674360146036276586478663830348523333668708801269531250000000,-0.300793595137701486041947873673052527010440826416015625000000, 0.674360146036276475456361367832869291305541992187500000000000, 0.830698505928324837377374478819547221064567565917968750000000, 5.863626927575458225305737869348376989364624023437500000000000
 0.006317929009814045315795993928986717946827411651611328125000, 0.674360146036276475456361367832869291305541992187500000000000, 0.300793595137701486041947873673052527010440826416015625000000,-0.674360146036276697500966292864177376031875610351562500000000, 2.310894147661468611687496377271600067615509033203125000000000, 0.419558379604128006690189067739993333816528320312500000000000
 0.006317929009814045315795993928986717946827411651611328125000, 0.674360146036276475456361367832869291305541992187500000000000,-0.300793595137701486041947873673052527010440826416015625000000,-0.674360146036276697500966292864177376031875610351562500000000, 2.310894147661468611687496377271600067615509033203125000000000, 5.863626927575458225305737869348376989364624023437500000000000
 0.006317929009814045315795993928986717946827411651611328125000,-0.674360146036276586478663830348523333668708801269531250000000, 0.300793595137701375019645411157398484647274017333984375000000, 0.674360146036276475456361367832869291305541992187500000000000, 0.830698505928324837377374478819547221064567565917968750000000, 2.722034273985665553396984250866807997226715087890625000000000
 0.006317929009814045315795993928986717946827411651611328125000,-0.674360146036276586478663830348523333668708801269531250000000,-0.300793595137701375019645411157398484647274017333984375000000, 0.674360146036276475456361367832869291305541992187500000000000, 0.830698505928324837377374478819547221064567565917968750000000, 3.561151033193920678598942686221562325954437255859375000000000
 0.006317929009814045315795993928986717946827411651611328125000,-0.674360146036276475456361367832869291305541992187500000000000, 0.300793595137701375019645411157398484647274017333984375000000,-0.674360146036276697500966292864177376031875610351562500000000, 2.310894147661468611687496377271600067615509033203125000000000, 2.722034273985665553396984250866807997226715087890625000000000
 0.006317929009814045315795993928986717946827411651611328125000,-0.674360146036276475456361367832869291305541992187500000000000,-0.300793595137701375019645411157398484647274017333984375000000,-0.674360146036276697500966292864177376031875610351562500000000, 2.310894147661468611687496377271600067615509033203125000000000, 3.561151033193920678598942686221562325954437255859375000000000
 0.006317929009814045315795993928986717946827411651611328125000, 0.300793595137701375019645411157398484647274017333984375000000, 0.674360146036276586478663830348523333668708801269531250000000, 0.674360146036276475456361367832869291305541992187500000000000, 0.830698505928324837377374478819547221064567565917968750000000, 1.151237947190768773353397591563407331705093383789062500000000
 0.006317929009814045315795993928986717946827411651611328125000,-0.300793595137701375019645411157398484647274017333984375000000, 0.674360146036276586478663830348523333668708801269531250000000, 0.674360146036276475456361367832869291305541992187500000000000, 0.830698505928324837377374478819547221064567565917968750000000, 1.990354706399024342644565876980777829885482788085937500000000
 0.006317929009814045315795993928986717946827411651611328125000, 0.300793595137701375019645411157398484647274017333984375000000, 0.674360146036276475456361367832869291305541992187500000000000,-0.674360146036276697500966292864177376031875610351562500000000, 2.310894147661468611687496377271600067615509033203125000000000, 1.151237947190768773353397591563407331705093383789062500000000
 0.006317929009814045315795993928986717946827411651611328125000,-0.300793595137701375019645411157398484647274017333984375000000, 0.674360146036276475456361367832869291305541992187500000000000,-0.674360146036276697500966292864177376031875610351562500000000, 2.310894147661468611687496377271600067615509033203125000000000, 1.990354706399024564689170802012085914611816406250000000000000
 0.006317929009814045315795993928986717946827411651611328125000, 0.300793595137701375019645411157398484647274017333984375000000,-0.674360146036276586478663830348523333668708801269531250000000, 0.674360146036276475456361367832869291305541992187500000000000, 0.830698505928324837377374478819547221064567565917968750000000, 5.131947359988817680687134270556271076202392578125000000000000
 0.006317929009814045315795993928986717946827411651611328125000,-0.300793595137701375019645411157398484647274017333984375000000,-0.674360146036276586478663830348523333668708801269531250000000, 0.674360146036276475456361367832869291305541992187500000000000, 0.830698505928324837377374478819547221064567565917968750000000, 4.292830600780561667306756135076284408569335937500000000000000
 0.006317929009814045315795993928986717946827411651611328125000, 0.300793595137701375019645411157398484647274017333984375000000,-0.674360146036276475456361367832869291305541992187500000000000,-0.674360146036276697500966292864177376031875610351562500000000, 2.310894147661468611687496377271600067615509033203125000000000, 5.131947359988817680687134270556271076202392578125000000000000
 0.006317929009814045315795993928986717946827411651611328125000,-0.300793595137701375019645411157398484647274017333984375000000,-0.674360146036276475456361367832869291305541992187500000000000,-0.674360146036276697500966292864177376031875610351562500000000, 2.310894147661468611687496377271600067615509033203125000000000, 4.292830600780561667306756135076284408569335937500000000000000
 0.006201670006589043819544837532475867192260921001434326171875, 0.431891069671941019159078223310643807053565979003906250000000, 0.431891069671941019159078223310643807053565979003906250000000, 0.791795559393492109911960596946300938725471496582031250000000, 0.657053154535161443305923967272974550724029541015625000000000, 0.785398163397448278999490867136046290397644042968750000000000
 0.006201670006589043819544837532475867192260921001434326171875, 0.431891069671940908136775760794989764690399169921875000000000, 0.431891069671940908136775760794989764690399169921875000000000,-0.791795559393492220934263059461954981088638305664062500000000, 2.484539499054631672692039501271210610866546630859375000000000, 0.785398163397448278999490867136046290397644042968750000000000
 0.006201670006589043819544837532475867192260921001434326171875, 0.431891069671941019159078223310643807053565979003906250000000,-0.431891069671941019159078223310643807053565979003906250000000, 0.791795559393492109911960596946300938725471496582031250000000, 0.657053154535161443305923967272974550724029541015625000000000, 5.497787143782137952996436069952324032783508300781250000000000
 0.006201670006589043819544837532475867192260921001434326171875, 0.431891069671940908136775760794989764690399169921875000000000,-0.431891069671940908136775760794989764690399169921875000000000,-0.791795559393492220934263059461954981088638305664062500000000, 2.484539499054631672692039501271210610866546630859375000000000, 5.497787143782137952996436069952324032783508300781250000000000
 0.006201670006589043819544837532475867192260921001434326171875,-0.431891069671941019159078223310643807053565979003906250000000, 0.431891069671941019159078223310643807053565979003906250000000, 0.791795559393492109911960596946300938725471496582031250000000, 0.657053154535161443305923967272974550724029541015625000000000, 2.356194490192344836998472601408138871192932128906250000000000
 0.006201670006589043819544837532475867192260921001434326171875,-0.431891069671940908136775760794989764690399169921875000000000, 0.431891069671940908136775760794989764690399169921875000000000,-0.791795559393492220934263059461954981088638305664062500000000, 2.484539499054631672692039501271210610866546630859375000000000, 2.356194490192344836998472601408138871192932128906250000000000
 0.006201670006589043819544837532475867192260921001434326171875,-0.431891069671941019159078223310643807053565979003906250000000,-0.431891069671941019159078223310643807053565979003906250000000, 0.791795559393492109911960596946300938725471496582031250000000, 0.657053154535161443305923967272974550724029541015625000000000, 3.926990816987241394997454335680231451988220214843750000000000
 0.006201670006589043819544837532475867192260921001434326171875,-0.431891069671940908136775760794989764690399169921875000000000,-0.431891069671940908136775760794989764690399169921875000000000,-0.791795559393492220934263059461954981088638305664062500000000, 2.484539499054631672692039501271210610866546630859375000000000, 3.926990816987241394997454335680231451988220214843750000000000
 0.006201670006589043819544837532475867192260921001434326171875, 0.431891069671941019159078223310643807053565979003906250000000, 0.791795559393492220934263059461954981088638305664062500000000, 0.431891069671941019159078223310643807053565979003906250000000, 1.124207897725287841339536498708184808492660522460937500000000, 1.071447091196961798331699355912860482931137084960937500000000
 0.006201670006589043819544837532475867192260921001434326171875, 0.431891069671941019159078223310643807053565979003906250000000,-0.791795559393492220934263059461954981088638305664062500000000, 0.431891069671941019159078223310643807053565979003906250000000, 1.124207897725287841339536498708184808492660522460937500000000, 5.211738215982624211619622656144201755523681640625000000000000
 0.006201670006589043819544837532475867192260921001434326171875, 0.431891069671941019159078223310643807053565979003906250000000, 0.791795559393492220934263059461954981088638305664062500000000,-0.431891069671941019159078223310643807053565979003906250000000, 2.017384755864505496703031894867308437824249267578125000000000, 1.071447091196961798331699355912860482931137084960937500000000
 0.006201670006589043819544837532475867192260921001434326171875, 0.431891069671941019159078223310643807053565979003906250000000,-0.791795559393492220934263059461954981088638305664062500000000,-0.431891069671941019159078223310643807053565979003906250000000, 2.017384755864505496703031894867308437824249267578125000000000, 5.211738215982624211619622656144201755523681640625000000000000
 0.006201670006589043819544837532475867192260921001434326171875,-0.431891069671941074670229454568470828235149383544921875000000, 0.791795559393492109911960596946300938725471496582031250000000, 0.431891069671941019159078223310643807053565979003906250000000, 1.124207897725287841339536498708184808492660522460937500000000, 2.070145562392831539710869037662632763385772705078125000000000
 0.006201670006589043819544837532475867192260921001434326171875,-0.431891069671941074670229454568470828235149383544921875000000,-0.791795559393492109911960596946300938725471496582031250000000, 0.431891069671941019159078223310643807053565979003906250000000, 1.124207897725287841339536498708184808492660522460937500000000, 4.213039744786755136374267749488353729248046875000000000000000
 0.006201670006589043819544837532475867192260921001434326171875,-0.431891069671941074670229454568470828235149383544921875000000, 0.791795559393492109911960596946300938725471496582031250000000,-0.431891069671941019159078223310643807053565979003906250000000, 2.017384755864505496703031894867308437824249267578125000000000, 2.070145562392831539710869037662632763385772705078125000000000
 0.006201670006589043819544837532475867192260921001434326171875,-0.431891069671941074670229454568470828235149383544921875000000,-0.791795559393492109911960596946300938725471496582031250000000,-0.431891069671941019159078223310643807053565979003906250000000, 2.017384755864505496703031894867308437824249267578125000000000, 4.213039744786755136374267749488353729248046875000000000000000
 0.006201670006589043819544837532475867192260921001434326171875, 0.791795559393492220934263059461954981088638305664062500000000, 0.431891069671941019159078223310643807053565979003906250000000, 0.431891069671941019159078223310643807053565979003906250000000, 1.124207897725287841339536498708184808492660522460937500000000, 0.499349235597934815178433609617059119045734405517578125000000
 0.006201670006589043819544837532475867192260921001434326171875,-0.791795559393492331956565521977609023451805114746093750000000, 0.431891069671940686092170835763681679964065551757812500000000, 0.431891069671941019159078223310643807053565979003906250000000, 1.124207897725287841339536498708184808492660522460937500000000, 2.642243417991858578375286015216261148452758789062500000000000
 0.006201670006589043819544837532475867192260921001434326171875, 0.791795559393492220934263059461954981088638305664062500000000, 0.431891069671941019159078223310643807053565979003906250000000,-0.431891069671941019159078223310643807053565979003906250000000, 2.017384755864505496703031894867308437824249267578125000000000, 0.499349235597934815178433609617059119045734405517578125000000
 0.006201670006589043819544837532475867192260921001434326171875,-0.791795559393492331956565521977609023451805114746093750000000, 0.431891069671940686092170835763681679964065551757812500000000,-0.431891069671941019159078223310643807053565979003906250000000, 2.017384755864505496703031894867308437824249267578125000000000, 2.642243417991858578375286015216261148452758789062500000000000
 0.006201670006589043819544837532475867192260921001434326171875, 0.791795559393492220934263059461954981088638305664062500000000,-0.431891069671941019159078223310643807053565979003906250000000, 0.431891069671941019159078223310643807053565979003906250000000, 1.124207897725287841339536498708184808492660522460937500000000, 5.783836071581651694373249483760446310043334960937500000000000
 0.006201670006589043819544837532475867192260921001434326171875,-0.791795559393492331956565521977609023451805114746093750000000,-0.431891069671940686092170835763681679964065551757812500000000, 0.431891069671941019159078223310643807053565979003906250000000, 1.124207897725287841339536498708184808492660522460937500000000, 3.640941889187727653620640921872109174728393554687500000000000
 0.006201670006589043819544837532475867192260921001434326171875, 0.791795559393492220934263059461954981088638305664062500000000,-0.431891069671941019159078223310643807053565979003906250000000,-0.431891069671941019159078223310643807053565979003906250000000, 2.017384755864505496703031894867308437824249267578125000000000, 5.783836071581651694373249483760446310043334960937500000000000
 0.006201670006589043819544837532475867192260921001434326171875,-0.791795559393492331956565521977609023451805114746093750000000,-0.431891069671940686092170835763681679964065551757812500000000,-0.431891069671941019159078223310643807053565979003906250000000, 2.017384755864505496703031894867308437824249267578125000000000, 3.640941889187727653620640921872109174728393554687500000000000
 0.005477143385137038869570069721248728455975651741027832031250, 0.261393136033598816325707048235926777124404907226562500000000, 0.965232421976448429212780411035055294632911682128906250000000, 0.000000000000000000000000000000000000000000000000000000000000, 1.570796326794896557998981734272092580795288085937500000000000, 1.306331088686549124489033602003473788499832153320312500000000
 0.005477143385137038869570069721248728455975651741027832031250, 0.261393136033598816325707048235926777124404907226562500000000,-0.965232421976448429212780411035055294632911682128906250000000, 0.000000000000000000000000000000000000000000000000000000000000, 1.570796326794896557998981734272092580795288085937500000000000, 4.976854218493037329551498260116204619407653808593750000000000
 0.005477143385137038869570069721248728455975651741027832031250,-0.261393136033598816325707048235926777124404907226562500000000, 0.965232421976448429212780411035055294632911682128906250000000, 0.000000000000000000000000000000000000000000000000000000000000, 1.570796326794896557998981734272092580795288085937500000000000, 1.835261564903243991508929866540711373090744018554687500000000
 0.005477143385137038869570069721248728455975651741027832031250,-0.261393136033598816325707048235926777124404907226562500000000,-0.965232421976448429212780411035055294632911682128906250000000, 0.000000000000000000000000000000000000000000000000000000000000, 1.570796326794896557998981734272092580795288085937500000000000, 4.447923742276342018442392145516350865364074707031250000000000
 0.005477143385137038869570069721248728455975651741027832031250, 0.965232421976448429212780411035055294632911682128906250000000, 0.261393136033598594281102123204618692398071289062500000000000, 0.000000000000000000000000000000000000000000000000000000000000, 1.570796326794896557998981734272092580795288085937500000000000, 0.264465238108347211465343207237310707569122314453125000000000
 0.005477143385137038869570069721248728455975651741027832031250, 0.965232421976448429212780411035055294632911682128906250000000,-0.261393136033598594281102123204618692398071289062500000000000, 0.000000000000000000000000000000000000000000000000000000000000, 1.570796326794896557998981734272092580795288085937500000000000, 6.018720069071239464619793579913675785064697265625000000000000
 0.005477143385137038869570069721248728455975651741027832031250,-0.965232421976448429212780411035055294632911682128906250000000, 0.261393136033598483258799660688964650034904479980468750000000, 0.000000000000000000000000000000000000000000000000000000000000, 1.570796326794896557998981734272092580795288085937500000000000, 2.877127415481445904532620261306874454021453857421875000000000
 0.005477143385137038869570069721248728455975651741027832031250,-0.965232421976448429212780411035055294632911682128906250000000,-0.261393136033598483258799660688964650034904479980468750000000, 0.000000000000000000000000000000000000000000000000000000000000, 1.570796326794896557998981734272092580795288085937500000000000, 3.406057891698140327463306675781495869159698486328125000000000
 0.005477143385137038869570069721248728455975651741027832031250, 0.261393136033598594281102123204618692398071289062500000000000, 0.000000000000000000000000000000000000000000000000000000000000, 0.965232421976448429212780411035055294632911682128906250000000, 0.264465238108347266976494438495137728750705718994140625000000, 0.000000000000000000000000000000000000000000000000000000000000
 0.005477143385137038869570069721248728455975651741027832031250, 0.261393136033598483258799660688964650034904479980468750000000, 0.000000000000000000000000000000000000000000000000000000000000,-0.965232421976448429212780411035055294632911682128906250000000, 2.877127415481445904532620261306874454021453857421875000000000, 0.000000000000000000000000000000000000000000000000000000000000
 0.005477143385137038869570069721248728455975651741027832031250,-0.261393136033598594281102123204618692398071289062500000000000, 0.000000000000000000000000000000000000000000000000000000000000, 0.965232421976448429212780411035055294632911682128906250000000, 0.264465238108347266976494438495137728750705718994140625000000, 3.141592653589793115997963468544185161590576171875000000000000
 0.005477143385137038869570069721248728455975651741027832031250,-0.261393136033598483258799660688964650034904479980468750000000, 0.000000000000000000000000000000000000000000000000000000000000,-0.965232421976448429212780411035055294632911682128906250000000, 2.877127415481445904532620261306874454021453857421875000000000, 3.141592653589793115997963468544185161590576171875000000000000
 0.005477143385137038869570069721248728455975651741027832031250, 0.965232421976448429212780411035055294632911682128906250000000, 0.000000000000000000000000000000000000000000000000000000000000, 0.261393136033598816325707048235926777124404907226562500000000, 1.306331088686549124489033602003473788499832153320312500000000, 0.000000000000000000000000000000000000000000000000000000000000
 0.005477143385137038869570069721248728455975651741027832031250, 0.965232421976448429212780411035055294632911682128906250000000, 0.000000000000000000000000000000000000000000000000000000000000,-0.261393136033598816325707048235926777124404907226562500000000, 1.835261564903243991508929866540711373090744018554687500000000, 0.000000000000000000000000000000000000000000000000000000000000
 0.005477143385137038869570069721248728455975651741027832031250,-0.965232421976448429212780411035055294632911682128906250000000, 0.000000000000000000000000000000000000000000000000000000000000, 0.261393136033598816325707048235926777124404907226562500000000, 1.306331088686549124489033602003473788499832153320312500000000, 3.141592653589793115997963468544185161590576171875000000000000
 0.005477143385137038869570069721248728455975651741027832031250,-0.965232421976448429212780411035055294632911682128906250000000, 0.000000000000000000000000000000000000000000000000000000000000,-0.261393136033598816325707048235926777124404907226562500000000, 1.835261564903243991508929866540711373090744018554687500000000, 3.141592653589793115997963468544185161590576171875000000000000
 0.005477143385137038869570069721248728455975651741027832031250, 0.000000000000000000000000000000000000000000000000000000000000, 0.261393136033598594281102123204618692398071289062500000000000, 0.965232421976448429212780411035055294632911682128906250000000, 0.264465238108347266976494438495137728750705718994140625000000, 1.570796326794896557998981734272092580795288085937500000000000
 0.005477143385137038869570069721248728455975651741027832031250, 0.000000000000000000000000000000000000000000000000000000000000, 0.261393136033598483258799660688964650034904479980468750000000,-0.965232421976448429212780411035055294632911682128906250000000, 2.877127415481445904532620261306874454021453857421875000000000, 1.570796326794896557998981734272092580795288085937500000000000
 0.005477143385137038869570069721248728455975651741027832031250, 0.000000000000000000000000000000000000000000000000000000000000,-0.261393136033598594281102123204618692398071289062500000000000, 0.965232421976448429212780411035055294632911682128906250000000, 0.264465238108347266976494438495137728750705718994140625000000, 4.712388980384689673996945202816277742385864257812500000000000
 0.005477143385137038869570069721248728455975651741027832031250, 0.000000000000000000000000000000000000000000000000000000000000,-0.261393136033598483258799660688964650034904479980468750000000,-0.965232421976448429212780411035055294632911682128906250000000, 2.877127415481445904532620261306874454021453857421875000000000, 4.712388980384689673996945202816277742385864257812500000000000
 0.005477143385137038869570069721248728455975651741027832031250, 0.000000000000000000000000000000000000000000000000000000000000, 0.965232421976448429212780411035055294632911682128906250000000, 0.261393136033598816325707048235926777124404907226562500000000, 1.306331088686549124489033602003473788499832153320312500000000, 1.570796326794896557998981734272092580795288085937500000000000
 0.005477143385137038869570069721248728455975651741027832031250, 0.000000000000000000000000000000000000000000000000000000000000, 0.965232421976448429212780411035055294632911682128906250000000,-0.261393136033598816325707048235926777124404907226562500000000, 1.835261564903243991508929866540711373090744018554687500000000, 1.570796326794896557998981734272092580795288085937500000000000
 0.005477143385137038869570069721248728455975651741027832031250, 0.000000000000000000000000000000000000000000000000000000000000,-0.965232421976448429212780411035055294632911682128906250000000, 0.261393136033598816325707048235926777124404907226562500000000, 1.306331088686549124489033602003473788499832153320312500000000, 4.712388980384689673996945202816277742385864257812500000000000
 0.005477143385137038869570069721248728455975651741027832031250, 0.000000000000000000000000000000000000000000000000000000000000,-0.965232421976448429212780411035055294632911682128906250000000,-0.261393136033598816325707048235926777124404907226562500000000, 1.835261564903243991508929866540711373090744018554687500000000, 4.712388980384689673996945202816277742385864257812500000000000
 0.005968383987681042703032918694816544302739202976226806640625, 0.499045316179603681838727879949146881699562072753906250000000, 0.144663074432511390421396413330512586981058120727539062500000, 0.854415804684658830581156507832929491996765136718750000000000, 0.546370868069839477065841037983773276209831237792968750000000, 0.282146391436319199375049038280849345028400421142578125000000
 0.005968383987681042703032918694816544302739202976226806640625, 0.499045316179603182238366798628703691065311431884765625000000, 0.144663074432511307154669566443772055208683013916015625000000,-0.854415804684659163648063895379891619086265563964843750000000, 2.595221785519954416088239668169990181922912597656250000000000, 0.282146391436319310397351500796503387391567230224609375000000
 0.005968383987681042703032918694816544302739202976226806640625, 0.499045316179603681838727879949146881699562072753906250000000,-0.144663074432511390421396413330512586981058120727539062500000, 0.854415804684658830581156507832929491996765136718750000000000, 0.546370868069839477065841037983773276209831237792968750000000, 6.001038915743267310176634055096656084060668945312500000000000
 0.005968383987681042703032918694816544302739202976226806640625, 0.499045316179603182238366798628703691065311431884765625000000,-0.144663074432511307154669566443772055208683013916015625000000,-0.854415804684659163648063895379891619086265563964843750000000, 2.595221785519954416088239668169990181922912597656250000000000, 6.001038915743267310176634055096656084060668945312500000000000
 0.005968383987681042703032918694816544302739202976226806640625,-0.499045316179603681838727879949146881699562072753906250000000, 0.144663074432511501443698875846166629344224929809570312500000, 0.854415804684658830581156507832929491996765136718750000000000, 0.546370868069839477065841037983773276209831237792968750000000, 2.859446262153473750089460736489854753017425537109375000000000
 0.005968383987681042703032918694816544302739202976226806640625,-0.499045316179603182238366798628703691065311431884765625000000, 0.144663074432511390421396413330512586981058120727539062500000,-0.854415804684659163648063895379891619086265563964843750000000, 2.595221785519954416088239668169990181922912597656250000000000, 2.859446262153473750089460736489854753017425537109375000000000
 0.005968383987681042703032918694816544302739202976226806640625,-0.499045316179603681838727879949146881699562072753906250000000,-0.144663074432511501443698875846166629344224929809570312500000, 0.854415804684658830581156507832929491996765136718750000000000, 0.546370868069839477065841037983773276209831237792968750000000, 3.423739045026112481906466200598515570163726806640625000000000
 0.005968383987681042703032918694816544302739202976226806640625,-0.499045316179603182238366798628703691065311431884765625000000,-0.144663074432511390421396413330512586981058120727539062500000,-0.854415804684659163648063895379891619086265563964843750000000, 2.595221785519954416088239668169990181922912597656250000000000, 3.423739045026112481906466200598515570163726806640625000000000
 0.005968383987681042703032918694816544302739202976226806640625, 0.499045316179603515305274186175665818154811859130859375000000, 0.854415804684658830581156507832929491996765136718750000000000, 0.144663074432511390421396413330512586981058120727539062500000, 1.425623870147074478964555055426899343729019165039062500000000, 1.042166590271845771908942879235837608575820922851562500000000
 0.005968383987681042703032918694816544302739202976226806640625, 0.499045316179603515305274186175665818154811859130859375000000, 0.854415804684658830581156507832929491996765136718750000000000,-0.144663074432511695732728185248561203479766845703125000000000, 1.715968783442719081122618263179901987314224243164062500000000, 1.042166590271845771908942879235837608575820922851562500000000
 0.005968383987681042703032918694816544302739202976226806640625, 0.499045316179603515305274186175665818154811859130859375000000,-0.854415804684658830581156507832929491996765136718750000000000, 0.144663074432511390421396413330512586981058120727539062500000, 1.425623870147074478964555055426899343729019165039062500000000, 5.241018716907740682131588982883840799331665039062500000000000
 0.005968383987681042703032918694816544302739202976226806640625, 0.499045316179603515305274186175665818154811859130859375000000,-0.854415804684658830581156507832929491996765136718750000000000,-0.144663074432511695732728185248561203479766845703125000000000, 1.715968783442719081122618263179901987314224243164062500000000, 5.241018716907740682131588982883840799331665039062500000000000
 0.005968383987681042703032918694816544302739202976226806640625,-0.499045316179603626327576648691319860517978668212890625000000, 0.854415804684658830581156507832929491996765136718750000000000, 0.144663074432511390421396413330512586981058120727539062500000, 1.425623870147074478964555055426899343729019165039062500000000, 2.099426063317947566133625514339655637741088867187500000000000
 0.005968383987681042703032918694816544302739202976226806640625,-0.499045316179603626327576648691319860517978668212890625000000, 0.854415804684658830581156507832929491996765136718750000000000,-0.144663074432511695732728185248561203479766845703125000000000, 1.715968783442718859078013338148593902587890625000000000000000, 2.099426063317947566133625514339655637741088867187500000000000
 0.005968383987681042703032918694816544302739202976226806640625,-0.499045316179603626327576648691319860517978668212890625000000,-0.854415804684658830581156507832929491996765136718750000000000, 0.144663074432511390421396413330512586981058120727539062500000, 1.425623870147074478964555055426899343729019165039062500000000, 4.183759243861638665862301422748714685440063476562500000000000
 0.005968383987681042703032918694816544302739202976226806640625,-0.499045316179603626327576648691319860517978668212890625000000,-0.854415804684658830581156507832929491996765136718750000000000,-0.144663074432511695732728185248561203479766845703125000000000, 1.715968783442718859078013338148593902587890625000000000000000, 4.183759243861638665862301422748714685440063476562500000000000
 0.005968383987681042703032918694816544302739202976226806640625, 0.144663074432511501443698875846166629344224929809570312500000, 0.499045316179603681838727879949146881699562072753906250000000, 0.854415804684658830581156507832929491996765136718750000000000, 0.546370868069839477065841037983773276209831237792968750000000, 1.288649935358577192090479002217762172222137451171875000000000
 0.005968383987681042703032918694816544302739202976226806640625, 0.144663074432511390421396413330512586981058120727539062500000, 0.499045316179603182238366798628703691065311431884765625000000,-0.854415804684659163648063895379891619086265563964843750000000, 2.595221785519954416088239668169990181922912597656250000000000, 1.288649935358577192090479002217762172222137451171875000000000
 0.005968383987681042703032918694816544302739202976226806640625, 0.144663074432511501443698875846166629344224929809570312500000,-0.499045316179603681838727879949146881699562072753906250000000, 0.854415804684658830581156507832929491996765136718750000000000, 0.546370868069839477065841037983773276209831237792968750000000, 4.994535371821008595816238084807991981506347656250000000000000
 0.005968383987681042703032918694816544302739202976226806640625, 0.144663074432511390421396413330512586981058120727539062500000,-0.499045316179603182238366798628703691065311431884765625000000,-0.854415804684659163648063895379891619086265563964843750000000, 2.595221785519954416088239668169990181922912597656250000000000, 4.994535371821008595816238084807991981506347656250000000000000
 0.005968383987681042703032918694816544302739202976226806640625,-0.144663074432511501443698875846166629344224929809570312500000, 0.499045316179603681838727879949146881699562072753906250000000, 0.854415804684658830581156507832929491996765136718750000000000, 0.546370868069839477065841037983773276209831237792968750000000, 1.852942718231216145952089391357731074094772338867187500000000
 0.005968383987681042703032918694816544302739202976226806640625,-0.144663074432511390421396413330512586981058120727539062500000, 0.499045316179603182238366798628703691065311431884765625000000,-0.854415804684659163648063895379891619086265563964843750000000, 2.595221785519954416088239668169990181922912597656250000000000, 1.852942718231216145952089391357731074094772338867187500000000
 0.005968383987681042703032918694816544302739202976226806640625,-0.144663074432511501443698875846166629344224929809570312500000,-0.499045316179603681838727879949146881699562072753906250000000, 0.854415804684658830581156507832929491996765136718750000000000, 0.546370868069839477065841037983773276209831237792968750000000, 4.430242588948369863999232620699331164360046386718750000000000
 0.005968383987681042703032918694816544302739202976226806640625,-0.144663074432511390421396413330512586981058120727539062500000,-0.499045316179603182238366798628703691065311431884765625000000,-0.854415804684659163648063895379891619086265563964843750000000, 2.595221785519954416088239668169990181922912597656250000000000, 4.430242588948369863999232620699331164360046386718750000000000
 0.005968383987681042703032918694816544302739202976226806640625, 0.144663074432511390421396413330512586981058120727539062500000, 0.854415804684658830581156507832929491996765136718750000000000, 0.499045316179603681838727879949146881699562072753906250000000, 1.048299574757857621776224732457194477319717407226562500000000, 1.403074664045399932987834290543105453252792358398437500000000
 0.005968383987681042703032918694816544302739202976226806640625, 0.144663074432511390421396413330512586981058120727539062500000, 0.854415804684658830581156507832929491996765136718750000000000,-0.499045316179603792861030342464800924062728881835937500000000, 2.093293078831935716266343661118298768997192382812500000000000, 1.403074664045399932987834290543105453252792358398437500000000
 0.005968383987681042703032918694816544302739202976226806640625, 0.144663074432511390421396413330512586981058120727539062500000,-0.854415804684658830581156507832929491996765136718750000000000, 0.499045316179603681838727879949146881699562072753906250000000, 1.048299574757857621776224732457194477319717407226562500000000, 4.880110643134186076963487721513956785202026367187500000000000
 0.005968383987681042703032918694816544302739202976226806640625, 0.144663074432511390421396413330512586981058120727539062500000,-0.854415804684658830581156507832929491996765136718750000000000,-0.499045316179603792861030342464800924062728881835937500000000, 2.093293078831935716266343661118298768997192382812500000000000, 4.880110643134186076963487721513956785202026367187500000000000
 0.005968383987681042703032918694816544302739202976226806640625,-0.144663074432511390421396413330512586981058120727539062500000, 0.854415804684658830581156507832929491996765136718750000000000, 0.499045316179603681838727879949146881699562072753906250000000, 1.048299574757857621776224732457194477319717407226562500000000, 1.738517989544393405054734103032387793064117431640625000000000
 0.005968383987681042703032918694816544302739202976226806640625,-0.144663074432511390421396413330512586981058120727539062500000, 0.854415804684658830581156507832929491996765136718750000000000,-0.499045316179603792861030342464800924062728881835937500000000, 2.093293078831935716266343661118298768997192382812500000000000, 1.738517989544393405054734103032387793064117431640625000000000
 0.005968383987681042703032918694816544302739202976226806640625,-0.144663074432511390421396413330512586981058120727539062500000,-0.854415804684658830581156507832929491996765136718750000000000, 0.499045316179603681838727879949146881699562072753906250000000, 1.048299574757857621776224732457194477319717407226562500000000, 4.544667317635193271030402684118598699569702148437500000000000
 0.005968383987681042703032918694816544302739202976226806640625,-0.144663074432511390421396413330512586981058120727539062500000,-0.854415804684658830581156507832929491996765136718750000000000,-0.499045316179603792861030342464800924062728881835937500000000, 2.093293078831935716266343661118298768997192382812500000000000, 4.544667317635193271030402684118598699569702148437500000000000
 0.005968383987681042703032918694816544302739202976226806640625, 0.854415804684658830581156507832929491996765136718750000000000, 0.499045316179603626327576648691319860517978668212890625000000, 0.144663074432511390421396413330512586981058120727539062500000, 1.425623870147074478964555055426899343729019165039062500000000, 0.528629736523050897112341317551909014582633972167968750000000
 0.005968383987681042703032918694816544302739202976226806640625, 0.854415804684658830581156507832929491996765136718750000000000, 0.499045316179603626327576648691319860517978668212890625000000,-0.144663074432511695732728185248561203479766845703125000000000, 1.715968783442718859078013338148593902587890625000000000000000, 0.528629736523050897112341317551909014582633972167968750000000
 0.005968383987681042703032918694816544302739202976226806640625, 0.854415804684658830581156507832929491996765136718750000000000,-0.499045316179603626327576648691319860517978668212890625000000, 0.144663074432511390421396413330512586981058120727539062500000, 1.425623870147074478964555055426899343729019165039062500000000, 5.754555570656535223861283157020807266235351562500000000000000
 0.005968383987681042703032918694816544302739202976226806640625, 0.854415804684658830581156507832929491996765136718750000000000,-0.499045316179603626327576648691319860517978668212890625000000,-0.144663074432511695732728185248561203479766845703125000000000, 1.715968783442718859078013338148593902587890625000000000000000, 5.754555570656535223861283157020807266235351562500000000000000
 0.005968383987681042703032918694816544302739202976226806640625,-0.854415804684659052625761432864237576723098754882812500000000, 0.499045316179603182238366798628703691065311431884765625000000, 0.144663074432511390421396413330512586981058120727539062500000, 1.425623870147074478964555055426899343729019165039062500000000, 2.612962917066742996041739388601854443550109863281250000000000
 0.005968383987681042703032918694816544302739202976226806640625,-0.854415804684659052625761432864237576723098754882812500000000, 0.499045316179603182238366798628703691065311431884765625000000,-0.144663074432511695732728185248561203479766845703125000000000, 1.715968783442719081122618263179901987314224243164062500000000, 2.612962917066742996041739388601854443550109863281250000000000
 0.005968383987681042703032918694816544302739202976226806640625,-0.854415804684659052625761432864237576723098754882812500000000,-0.499045316179603182238366798628703691065311431884765625000000, 0.144663074432511390421396413330512586981058120727539062500000, 1.425623870147074478964555055426899343729019165039062500000000, 3.670222390112843235954187548486515879631042480468750000000000
 0.005968383987681042703032918694816544302739202976226806640625,-0.854415804684659052625761432864237576723098754882812500000000,-0.499045316179603182238366798628703691065311431884765625000000,-0.144663074432511695732728185248561203479766845703125000000000, 1.715968783442719081122618263179901987314224243164062500000000, 3.670222390112843235954187548486515879631042480468750000000000
 0.005968383987681042703032918694816544302739202976226806640625, 0.854415804684658830581156507832929491996765136718750000000000, 0.144663074432511307154669566443772055208683013916015625000000, 0.499045316179603681838727879949146881699562072753906250000000, 1.048299574757857621776224732457194477319717407226562500000000, 0.167721662749496652766723059357900638133287429809570312500000
 0.005968383987681042703032918694816544302739202976226806640625, 0.854415804684658830581156507832929491996765136718750000000000, 0.144663074432511307154669566443772055208683013916015625000000,-0.499045316179603792861030342464800924062728881835937500000000, 2.093293078831935716266343661118298768997192382812500000000000, 0.167721662749496652766723059357900638133287429809570312500000
 0.005968383987681042703032918694816544302739202976226806640625, 0.854415804684658830581156507832929491996765136718750000000000,-0.144663074432511307154669566443772055208683013916015625000000, 0.499045316179603681838727879949146881699562072753906250000000, 1.048299574757857621776224732457194477319717407226562500000000, 6.115463644430089829029384418390691280364990234375000000000000
 0.005968383987681042703032918694816544302739202976226806640625, 0.854415804684658830581156507832929491996765136718750000000000,-0.144663074432511307154669566443772055208683013916015625000000,-0.499045316179603792861030342464800924062728881835937500000000, 2.093293078831935716266343661118298768997192382812500000000000, 6.115463644430089829029384418390691280364990234375000000000000
 0.005968383987681042703032918694816544302739202976226806640625,-0.854415804684658941603458970348583534359931945800781250000000, 0.144663074432511001843337794525723438709974288940429687500000, 0.499045316179603681838727879949146881699562072753906250000000, 1.048299574757857621776224732457194477319717407226562500000000, 2.973870990840297157120630799909122288227081298828125000000000
 0.005968383987681042703032918694816544302739202976226806640625,-0.854415804684658941603458970348583534359931945800781250000000, 0.144663074432511001843337794525723438709974288940429687500000,-0.499045316179603792861030342464800924062728881835937500000000, 2.093293078831935716266343661118298768997192382812500000000000, 2.973870990840297157120630799909122288227081298828125000000000
 0.005968383987681042703032918694816544302739202976226806640625,-0.854415804684658941603458970348583534359931945800781250000000,-0.144663074432511001843337794525723438709974288940429687500000, 0.499045316179603681838727879949146881699562072753906250000000, 1.048299574757857621776224732457194477319717407226562500000000, 3.309314316339289074875296137179248034954071044921875000000000
 0.005968383987681042703032918694816544302739202976226806640625,-0.854415804684658941603458970348583534359931945800781250000000,-0.144663074432511001843337794525723438709974288940429687500000,-0.499045316179603792861030342464800924062728881835937500000000, 2.093293078831935716266343661118298768997192382812500000000000, 3.309314316339289074875296137179248034954071044921875000000000
