# count
38
# w,cx,cy,cz,theta,phi
 0.009523809523809880286937534776825486915186047554016113281250, 1.000000000000000000000000000000000000000000000000000000000000, 0.000000000000000000000000000000000000000000000000000000000000, 0.000000000000000000000000000000000000000000000000000000000000, 1.570796326794896557998981734272092580795288085937500000000000, 0.000000000000000000000000000000000000000000000000000000000000
 0.009523809523809880286937534776825486915186047554016113281250,-1.000000000000000000000000000000000000000000000000000000000000, 0.000000000000000000000000000000000000000000000000000000000000, 0.000000000000000000000000000000000000000000000000000000000000, 1.570796326794896557998981734272092580795288085937500000000000, 3.141592653589793115997963468544185161590576171875000000000000
 0.009523809523809880286937534776825486915186047554016113281250, 0.000000000000000000000000000000000000000000000000000000000000, 1.000000000000000000000000000000000000000000000000000000000000, 0.000000000000000000000000000000000000000000000000000000000000, 1.570796326794896557998981734272092580795288085937500000000000, 1.570796326794896557998981734272092580795288085937500000000000
 0.009523809523809880286937534776825486915186047554016113281250, 0.000000000000000000000000000000000000000000000000000000000000,-1.000000000000000000000000000000000000000000000000000000000000, 0.000000000000000000000000000000000000000000000000000000000000, 1.570796326794896557998981734272092580795288085937500000000000, 4.712388980384689673996945202816277742385864257812500000000000
 0.009523809523809880286937534776825486915186047554016113281250, 0.000000000000000000000000000000000000000000000000000000000000, 0.000000000000000000000000000000000000000000000000000000000000, 1.000000000000000000000000000000000000000000000000000000000000, 0.000000000000000000000000000000000000000000000000000000000000, 0.000000000000000000000000000000000000000000000000000000000000
 0.009523809523809880286937534776825486915186047554016113281250, 0.000000000000000000000000000000000000000000000000000000000000, 0.000000000000000000000000000000000000000000000000000000000000,-1.000000000000000000000000000000000000000000000000000000000000, 3.141592653589793115997963468544185161590576171875000000000000, 0.000000000000000000000000000000000000000000000000000000000000
 0.032142857142856591512458663828510907478630542755126953125000, 0.577350269189625731058868041145615279674530029296875000000000, 0.577350269189625731058868041145615279674530029296875000000000, 0.577350269189625731058868041145615279674530029296875000000000, 0.955316618124509298048963046312564983963966369628906250000000, 0.785398163397448278999490867136046290397644042968750000000000
 0.032142857142856591512458663828510907478630542755126953125000, 0.577350269189625731058868041145615279674530029296875000000000, 0.577350269189625731058868041145615279674530029296875000000000,-0.577350269189625731058868041145615279674530029296875000000000, 2.186276035465283928971302884747274219989776611328125000000000, 0.785398163397448278999490867136046290397644042968750000000000
 0.032142857142856591512458663828510907478630542755126953125000, 0.577350269189625731058868041145615279674530029296875000000000,-0.577350269189625731058868041145615279674530029296875000000000, 0.577350269189625731058868041145615279674530029296875000000000, 0.955316618124509298048963046312564983963966369628906250000000, 5.497787143782137952996436069952324032783508300781250000000000
 0.032142857142856591512458663828510907478630542755126953125000, 0.577350269189625731058868041145615279674530029296875000000000,-0.577350269189625731058868041145615279674530029296875000000000,-0.577350269189625731058868041145615279674530029296875000000000, 2.186276035465283928971302884747274219989776611328125000000000, 5.497787143782137952996436069952324032783508300781250000000000
 0.032142857142856591512458663828510907478630542755126953125000,-0.577350269189625731058868041145615279674530029296875000000000, 0.577350269189625731058868041145615279674530029296875000000000, 0.577350269189625731058868041145615279674530029296875000000000, 0.955316618124509298048963046312564983963966369628906250000000, 2.356194490192344836998472601408138871192932128906250000000000
 0.032142857142856591512458663828510907478630542755126953125000,-0.577350269189625731058868041145615279674530029296875000000000, 0.577350269189625731058868041145615279674530029296875000000000,-0.577350269189625731058868041145615279674530029296875000000000, 2.186276035465283928971302884747274219989776611328125000000000, 2.356194490192344836998472601408138871192932128906250000000000
 0.032142857142856591512458663828510907478630542755126953125000,-0.577350269189625731058868041145615279674530029296875000000000,-0.577350269189625731058868041145615279674530029296875000000000, 0.577350269189625731058868041145615279674530029296875000000000, 0.955316618124509298048963046312564983963966369628906250000000, 3.926990816987241394997454335680231451988220214843750000000000
 0.032142857142856591512458663828510907478630542755126953125000,-0.577350269189625731058868041145615279674530029296875000000000,-0.577350269189625731058868041145615279674530029296875000000000,-0.577350269189625731058868041145615279674530029296875000000000, 2.186276035465283928971302884747274219989776611328125000000000, 3.926990816987241394997454335680231451988220214843750000000000
 0.028571428571428643394813917666397173888981342315673828125000, 0.459700843380982993036099060191190801560878753662109375000000, 0.888073833977115256743672944139689207077026367187500000000000, 0.000000000000000000000000000000000000000000000000000000000000, 1.570796326794896557998981734272092580795288085937500000000000, 1.093138017732641964485651442373637109994888305664062500000000
 0.028571428571428643394813917666397173888981342315673828125000, 0.459700843380982993036099060191190801560878753662109375000000,-0.888073833977115256743672944139689207077026367187500000000000, 0.000000000000000000000000000000000000000000000000000000000000, 1.570796326794896557998981734272092580795288085937500000000000, 5.190047289446944489554880419746041297912597656250000000000000
 0.028571428571428643394813917666397173888981342315673828125000,-0.459700843380983326103006447738152928650379180908203125000000, 0.888073833977115145721370481624035164713859558105468750000000, 0.000000000000000000000000000000000000000000000000000000000000, 1.570796326794896557998981734272092580795288085937500000000000, 2.048454635857151373556916951201856136322021484375000000000000
 0.028571428571428643394813917666397173888981342315673828125000,-0.459700843380983326103006447738152928650379180908203125000000,-0.888073833977115145721370481624035164713859558105468750000000, 0.000000000000000000000000000000000000000000000000000000000000, 1.570796326794896557998981734272092580795288085937500000000000, 4.234730671322434858439009985886514186859130859375000000000000
 0.028571428571428643394813917666397173888981342315673828125000, 0.888073833977115256743672944139689207077026367187500000000000, 0.459700843380982993036099060191190801560878753662109375000000, 0.000000000000000000000000000000000000000000000000000000000000, 1.570796326794896557998981734272092580795288085937500000000000, 0.477658309062254593513330291898455470800399780273437500000000
 0.028571428571428643394813917666397173888981342315673828125000, 0.888073833977115256743672944139689207077026367187500000000000,-0.459700843380982993036099060191190801560878753662109375000000, 0.000000000000000000000000000000000000000000000000000000000000, 1.570796326794896557998981734272092580795288085937500000000000, 5.805526998117331416437991720158606767654418945312500000000000
 0.028571428571428643394813917666397173888981342315673828125000,-0.888073833977115478788277869170997291803359985351562500000000, 0.459700843380982604458040441386401653289794921875000000000000, 0.000000000000000000000000000000000000000000000000000000000000, 1.570796326794896557998981734272092580795288085937500000000000, 2.663934344527539188618447951739653944969177246093750000000000
 0.028571428571428643394813917666397173888981342315673828125000,-0.888073833977115478788277869170997291803359985351562500000000,-0.459700843380982604458040441386401653289794921875000000000000, 0.000000000000000000000000000000000000000000000000000000000000, 1.570796326794896557998981734272092580795288085937500000000000, 3.619250962652047043377478985348716378211975097656250000000000
 0.028571428571428643394813917666397173888981342315673828125000, 0.459700843380982993036099060191190801560878753662109375000000, 0.000000000000000000000000000000000000000000000000000000000000, 0.888073833977115256743672944139689207077026367187500000000000, 0.477658309062254426979876598124974407255649566650390625000000, 0.000000000000000000000000000000000000000000000000000000000000
 0.028571428571428643394813917666397173888981342315673828125000, 0.459700843380982604458040441386401653289794921875000000000000, 0.000000000000000000000000000000000000000000000000000000000000,-0.888073833977115478788277869170997291803359985351562500000000, 2.663934344527539188618447951739653944969177246093750000000000, 0.000000000000000000000000000000000000000000000000000000000000
 0.028571428571428643394813917666397173888981342315673828125000,-0.459700843380982993036099060191190801560878753662109375000000, 0.000000000000000000000000000000000000000000000000000000000000, 0.888073833977115256743672944139689207077026367187500000000000, 0.477658309062254426979876598124974407255649566650390625000000, 3.141592653589793115997963468544185161590576171875000000000000
 0.028571428571428643394813917666397173888981342315673828125000,-0.459700843380982604458040441386401653289794921875000000000000, 0.000000000000000000000000000000000000000000000000000000000000,-0.888073833977115478788277869170997291803359985351562500000000, 2.663934344527539188618447951739653944969177246093750000000000, 3.141592653589793115997963468544185161590576171875000000000000
 0.028571428571428643394813917666397173888981342315673828125000, 0.888073833977115256743672944139689207077026367187500000000000, 0.000000000000000000000000000000000000000000000000000000000000, 0.459700843380982993036099060191190801560878753662109375000000, 1.093138017732641964485651442373637109994888305664062500000000, 0.000000000000000000000000000000000000000000000000000000000000
 0.028571428571428643394813917666397173888981342315673828125000, 0.888073833977115145721370481624035164713859558105468750000000, 0.000000000000000000000000000000000000000000000000000000000000,-0.459700843380983326103006447738152928650379180908203125000000, 2.048454635857151373556916951201856136322021484375000000000000, 0.000000000000000000000000000000000000000000000000000000000000
 0.028571428571428643394813917666397173888981342315673828125000,-0.888073833977115256743672944139689207077026367187500000000000, 0.000000000000000000000000000000000000000000000000000000000000, 0.459700843380982993036099060191190801560878753662109375000000, 1.093138017732641964485651442373637109994888305664062500000000, 3.141592653589793115997963468544185161590576171875000000000000
 0.028571428571428643394813917666397173888981342315673828125000,-0.888073833977115145721370481624035164713859558105468750000000, 0.000000000000000000000000000000000000000000000000000000000000,-0.459700843380983326103006447738152928650379180908203125000000, 2.048454635857151373556916951201856136322021484375000000000000, 3.141592653589793115997963468544185161590576171875000000000000
 0.028571428571428643394813917666397173888981342315673828125000, 0.000000000000000000000000000000000000000000000000000000000000, 0.459700843380982993036099060191190801560878753662109375000000, 0.888073833977115256743672944139689207077026367187500000000000, 0.477658309062254426979876598124974407255649566650390625000000, 1.570796326794896557998981734272092580795288085937500000000000
 0.028571428571428643394813917666397173888981342315673828125000, 0.000000000000000000000000000000000000000000000000000000000000, 0.459700843380982604458040441386401653289794921875000000000000,-0.888073833977115478788277869170997291803359985351562500000000, 2.663934344527539188618447951739653944969177246093750000000000, 1.570796326794896557998981734272092580795288085937500000000000
 0.028571428571428643394813917666397173888981342315673828125000, 0.000000000000000000000000000000000000000000000000000000000000,-0.459700843380982993036099060191190801560878753662109375000000, 0.888073833977115256743672944139689207077026367187500000000000, 0.477658309062254426979876598124974407255649566650390625000000, 4.712388980384689673996945202816277742385864257812500000000000
 0.028571428571428643394813917666397173888981342315673828125000, 0.000000000000000000000000000000000000000000000000000000000000,-0.459700843380982604458040441386401653289794921875000000000000,-0.888073833977115478788277869170997291803359985351562500000000, 2.663934344527539188618447951739653944969177246093750000000000, 4.712388980384689673996945202816277742385864257812500000000000
 0.028571428571428643394813917666397173888981342315673828125000, 0.000000000000000000000000000000000000000000000000000000000000, 0.888073833977115256743672944139689207077026367187500000000000, 0.459700843380982993036099060191190801560878753662109375000000, 1.093138017732641964485651442373637109994888305664062500000000, 1.570796326794896557998981734272092580795288085937500000000000
 0.028571428571428643394813917666397173888981342315673828125000, 0.000000000000000000000000000000000000000000000000000000000000, 0.888073833977115145721370481624035164713859558105468750000000,-0.459700843380983326103006447738152928650379180908203125000000, 2.048454635857151373556916951201856136322021484375000000000000, 1.570796326794896557998981734272092580795288085937500000000000
 0.028571428571428643394813917666397173888981342315673828125000, 0.000000000000000000000000000000000000000000000000000000000000,-0.888073833977115256743672944139689207077026367187500000000000, 0.459700843380982993036099060191190801560878753662109375000000, 1.093138017732641964485651442373637109994888305664062500000000, 4.712388980384689673996945202816277742385864257812500000000000
 0.028571428571428643394813917666397173888981342315673828125000, 0.000000000000000000000000000000000000000000000000000000000000,-0.888073833977115145721370481624035164713859558105468750000000,-0.459700843380983326103006447738152928650379180908203125000000, 2.048454635857151373556916951201856136322021484375000000000000, 4.712388980384689673996945202816277742385864257812500000000000
