# count
244
# w,cx,cy,cz,theta,phi
 0.001265194707185751232109138797454761515837162733078002929688, 0.205417623519541736598625902843195945024490356445312500000000, 0.029534595466141417424710269301613152492791414260864257812500,-0.978228658146056972988446887029567733407020568847656250000000, 2.932543366176052046512268134392797946929931640625000000000000, 0.142799666072263325977687031809182371944189071655273437500000
 0.001265194707185751232109138797454761515837162733078002929688, 0.188775909327635132983758126101747620850801467895507812500000, 0.086211069122759970140279506267688702791929244995117187500000,-0.978228658146056972988446887029567733407020568847656250000000, 2.932543366176052046512268134392797946929931640625000000000000, 0.428398998216789894666334248540806584060192108154296875000000
 0.001265194707185751232109138797454761515837162733078002929688, 0.156840693655564938913116179719509091228246688842773437500000, 0.135903234676022499627379147568717598915100097656250000000000,-0.978228658146056972988446887029567733407020568847656250000000, 2.932543366176052046512268134392797946929931640625000000000000, 0.713998330361316657644010774674825370311737060546875000000000
 0.001265194707185751232109138797454761515837162733078002929688, 0.112199177751041795358943886640190612524747848510742187500000, 0.174585328403491391036084223742363974452018737792968750000000,-0.978228658146056972988446887029567733407020568847656250000000, 2.932543366176052046512268134392797946929931640625000000000000, 0.999597662505843143065931144519709050655364990234375000000000
 0.001265194707185751232109138797454761515837162733078002929688, 0.058467951739332328642273495233894209377467632293701171875000, 0.199123557122636574145957411019480787217617034912109375000000,-0.978228658146056972988446887029567733407020568847656250000000, 2.932543366176052046512268134392797946929931640625000000000000, 1.285196994650369850532456439395900815725326538085937500000000
 0.001265194707185751232109138797454761515837162733078002929688, 0.000000000000000058788458557779344157170974863320287316527499, 0.207529979477098225348896676223375834524631500244140625000000,-0.978228658146056972988446887029567733407020568847656250000000, 2.932543366176052046512268134392797946929931640625000000000000, 1.570796326794896335954376809240784496068954467773437500000000
 0.001265194707185751232109138797454761515837162733078002929688,-0.058467951739332307825591783512209076434373855590820312500000, 0.199123557122636574145957411019480787217617034912109375000000,-0.978228658146056972988446887029567733407020568847656250000000, 2.932543366176052046512268134392797946929931640625000000000000, 1.856395658939423265465507029148284345865249633789062500000000
 0.001265194707185751232109138797454761515837162733078002929688,-0.112199177751041698214429231938993325456976890563964843750000, 0.174585328403491446547235455000190995633602142333984375000000,-0.978228658146056972988446887029567733407020568847656250000000, 2.932543366176052046512268134392797946929931640625000000000000, 2.141994991083949528842822473961859941482543945312500000000000
 0.001265194707185751232109138797454761515837162733078002929688,-0.156840693655564911157540564090595580637454986572265625000000, 0.135903234676022527382954763197631109505891799926757812500000,-0.978228658146056972988446887029567733407020568847656250000000, 2.932543366176052046512268134392797946929931640625000000000000, 2.427594323228476458353952693869359791278839111328125000000000
 0.001265194707185751232109138797454761515837162733078002929688,-0.188775909327635077472606894843920599669218063354492187500000, 0.086211069122760039529218545339972479268908500671386718750000,-0.978228658146056972988446887029567733407020568847656250000000, 2.932543366176052046512268134392797946929931640625000000000000, 2.713193655373002943775873063714243471622467041015625000000000
 0.001265194707185751232109138797454761515837162733078002929688,-0.205417623519541736598625902843195945024490356445312500000000, 0.029534595466141424363604173208841530140489339828491210937500,-0.978228658146056972988446887029567733407020568847656250000000, 2.932543366176052046512268134392797946929931640625000000000000, 2.998792987517529873287003283621743321418762207031250000000000
 0.001265194707185751232109138797454761515837162733078002929688,-0.205417623519541764354201518472109455615282058715820312500000,-0.029534595466141372321899893904628697782754898071289062500000,-0.978228658146056972988446887029567733407020568847656250000000, 2.932543366176052046512268134392797946929931640625000000000000, 3.284392319662055914619713803404010832309722900390625000000000
 0.001265194707185751232109138797454761515837162733078002929688,-0.188775909327635105228182510472834110260009765625000000000000,-0.086211069122759997895855121896602213382720947265625000000000,-0.978228658146056972988446887029567733407020568847656250000000, 2.932543366176052046512268134392797946929931640625000000000000, 3.569991651806582844130844023311510682106018066406250000000000
 0.001265194707185751232109138797454761515837162733078002929688,-0.156840693655564966668691795348422601819038391113281250000000,-0.135903234676022471871803531939804088324308395385742187500000,-0.978228658146056972988446887029567733407020568847656250000000, 2.932543366176052046512268134392797946929931640625000000000000, 3.855590983951109329552764393156394362449645996093750000000000
 0.001265194707185751232109138797454761515837162733078002929688,-0.112199177751041739847792655382363591343164443969726562500000,-0.174585328403491418791659839371277485042810440063476562500000,-0.978228658146056972988446887029567733407020568847656250000000, 2.932543366176052046512268134392797946929931640625000000000000, 4.141190316095636703153104463126510381698608398437500000000000
 0.001265194707185751232109138797454761515837162733078002929688,-0.058467951739332321703379591326665831729769706726074218750000,-0.199123557122636574145957411019480787217617034912109375000000,-0.978228658146056972988446887029567733407020568847656250000000, 2.932543366176052046512268134392797946929931640625000000000000, 4.426789648240163188575024832971394062042236328125000000000000
 0.001265194707185751232109138797454761515837162733078002929688,-0.000000000000000038122638764061633610951784476250981762420568,-0.207529979477098225348896676223375834524631500244140625000000,-0.978228658146056972988446887029567733407020568847656250000000, 2.932543366176052046512268134392797946929931640625000000000000, 4.712388980384689673996945202816277742385864257812500000000000
 0.001265194707185751232109138797454761515837162733078002929688, 0.058467951739332238436652744439925299957394599914550781250000,-0.199123557122636601901533026648394297808408737182617187500000,-0.978228658146056972988446887029567733407020568847656250000000, 2.932543366176052046512268134392797946929931640625000000000000, 4.997988312529216159418865572661161422729492187500000000000000
 0.001265194707185751232109138797454761515837162733078002929688, 0.112199177751041836992307310083560878410935401916503906250000,-0.174585328403491363280508608113450463861227035522460937500000,-0.978228658146056972988446887029567733407020568847656250000000, 2.932543366176052046512268134392797946929931640625000000000000, 5.283587644673743533019205642631277441978454589843750000000000
 0.001265194707185751232109138797454761515837162733078002929688, 0.156840693655564855646389332832768559455871582031250000000000,-0.135903234676022582894105994455458130687475204467773437500000,-0.978228658146056972988446887029567733407020568847656250000000, 2.932543366176052046512268134392797946929931640625000000000000, 5.569186976818269130262706312350928783416748046875000000000000
 0.001265194707185751232109138797454761515837162733078002929688, 0.188775909327635021961455663586093578487634658813476562500000,-0.086211069122760150551521007855626521632075309753417968750000,-0.978228658146056972988446887029567733407020568847656250000000, 2.932543366176052046512268134392797946929931640625000000000000, 5.854786308962795615684626682195812463760375976562500000000000
 0.001265194707185751232109138797454761515837162733078002929688, 0.205417623519541736598625902843195945024490356445312500000000,-0.029534595466141452119179788837755040731281042098999023437500,-0.978228658146056972988446887029567733407020568847656250000000, 2.932543366176052046512268134392797946929931640625000000000000, 6.140385641107322989284966752165928483009338378906250000000000
 0.002854099306020556250235165052231423032935708761215209960938, 0.456950234153948864346261871105525642633438110351562500000000, 0.065699525107258363587625638047029497101902961730957031250000,-0.887062599768095316754568102624034509062767028808593750000000, 2.661739231264118821229658351512625813484191894531250000000000, 0.142799666072263353733262647438095882534980773925781250000000
 0.002854099306020556250235165052231423032935708761215209960938, 0.419930843770477679743891030739177949726581573486328125000000, 0.191775990527705636479183226583700161427259445190429687500000,-0.887062599768095316754568102624034509062767028808593750000000, 2.661739231264118821229658351512625813484191894531250000000000, 0.428398998216789894666334248540806584060192108154296875000000
 0.002854099306020556250235165052231423032935708761215209960938, 0.348891153849612223325493687298148870468139648437500000000000, 0.302315905731329659378303631456219591200351715087890625000000,-0.887062599768095316754568102624034509062767028808593750000000, 2.661739231264118821229658351512625813484191894531250000000000, 0.713998330361316768666313237190479412674903869628906250000000
 0.002854099306020556250235165052231423032935708761215209960938, 0.249586377579437440621390464912110473960638046264648437500000, 0.388363984194521394410770653848885558545589447021484375000000,-0.887062599768095316754568102624034509062767028808593750000000, 2.661739231264118821229658351512625813484191894531250000000000, 0.999597662505843254088233607035363093018531799316406250000000
 0.002854099306020556250235165052231423032935708761215209960938, 0.130061597345118046265000089078966993838548660278320312500000, 0.442949122347820412048946536742732860147953033447265625000000,-0.887062599768095316754568102624034509062767028808593750000000, 2.661739231264118821229658351512625813484191894531250000000000, 1.285196994650369850532456439395900815725326538085937500000000
 0.002854099306020556250235165052231423032935708761215209960938, 0.000000000000000130774562782201745737528193962599061129913085, 0.461649156928362613960814542224397882819175720214843750000000,-0.887062599768095316754568102624034509062767028808593750000000, 2.661739231264118821229658351512625813484191894531250000000000, 1.570796326794896335954376809240784496068954467773437500000000
 0.002854099306020556250235165052231423032935708761215209960938,-0.130061597345118018509424473450053483247756958007812500000000, 0.442949122347820412048946536742732860147953033447265625000000,-0.887062599768095316754568102624034509062767028808593750000000, 2.661739231264118821229658351512625813484191894531250000000000, 1.856395658939423265465507029148284345865249633789062500000000
 0.002854099306020556250235165052231423032935708761215209960938,-0.249586377579437246332361155509715899825096130371093750000000, 0.388363984194521505433073116364539600908756256103515625000000,-0.887062599768095316754568102624034509062767028808593750000000, 2.661739231264118821229658351512625813484191894531250000000000, 2.141994991083949528842822473961859941482543945312500000000000
 0.002854099306020556250235165052231423032935708761215209960938,-0.348891153849612167814342456040321849286556243896484375000000, 0.302315905731329714889454862714046612381935119628906250000000,-0.887062599768095316754568102624034509062767028808593750000000, 2.661739231264118821229658351512625813484191894531250000000000, 2.427594323228476458353952693869359791278839111328125000000000
 0.002854099306020556250235165052231423032935708761215209960938,-0.419930843770477568721588568223523907363414764404296875000000, 0.191775990527705803012636920357181224972009658813476562500000,-0.887062599768095316754568102624034509062767028808593750000000, 2.661739231264118821229658351512625813484191894531250000000000, 2.713193655373002943775873063714243471622467041015625000000000
 0.002854099306020556250235165052231423032935708761215209960938,-0.456950234153948864346261871105525642633438110351562500000000, 0.065699525107258377465413445861486252397298812866210937500000,-0.887062599768095316754568102624034509062767028808593750000000, 2.661739231264118821229658351512625813484191894531250000000000, 2.998792987517529873287003283621743321418762207031250000000000
 0.002854099306020556250235165052231423032935708761215209960938,-0.456950234153948919857413102363352663815021514892578125000000,-0.065699525107258252565323175531375454738736152648925781250000,-0.887062599768095316754568102624034509062767028808593750000000, 2.661739231264118821229658351512625813484191894531250000000000, 3.284392319662055914619713803404010832309722900390625000000000
 0.002854099306020556250235165052231423032935708761215209960938,-0.419930843770477624232739799481350928544998168945312500000000,-0.191775990527705691990334457841527182608842849731445312500000,-0.887062599768095316754568102624034509062767028808593750000000, 2.661739231264118821229658351512625813484191894531250000000000, 3.569991651806583288220053873374126851558685302734375000000000
 0.002854099306020556250235165052231423032935708761215209960938,-0.348891153849612278836644918555975891649723052978515625000000,-0.302315905731329603867152400198392570018768310546875000000000,-0.887062599768095316754568102624034509062767028808593750000000, 2.661739231264118821229658351512625813484191894531250000000000, 3.855590983951109329552764393156394362449645996093750000000000
 0.002854099306020556250235165052231423032935708761215209960938,-0.249586377579437357354663618025369942188262939453125000000000,-0.388363984194521449921921885106712579727172851562500000000000,-0.887062599768095316754568102624034509062767028808593750000000, 2.661739231264118821229658351512625813484191894531250000000000, 4.141190316095636703153104463126510381698608398437500000000000
 0.002854099306020556250235165052231423032935708761215209960938,-0.130061597345118018509424473450053483247756958007812500000000,-0.442949122347820412048946536742732860147953033447265625000000,-0.887062599768095316754568102624034509062767028808593750000000, 2.661739231264118821229658351512625813484191894531250000000000, 4.426789648240163188575024832971394062042236328125000000000000
 0.002854099306020556250235165052231423032935708761215209960938,-0.000000000000000084803574354209006097861437134492875478417025,-0.461649156928362613960814542224397882819175720214843750000000,-0.887062599768095316754568102624034509062767028808593750000000, 2.661739231264118821229658351512625813484191894531250000000000, 4.712388980384689673996945202816277742385864257812500000000000
 0.002854099306020556250235165052231423032935708761215209960938, 0.130061597345117851975970779676572419703006744384765625000000,-0.442949122347820412048946536742732860147953033447265625000000,-0.887062599768095316754568102624034509062767028808593750000000, 2.661739231264118821229658351512625813484191894531250000000000, 4.997988312529216159418865572661161422729492187500000000000000
 0.002854099306020556250235165052231423032935708761215209960938, 0.249586377579437551643692927427764516323804855346679687500000,-0.388363984194521338899619422591058537364006042480468750000000,-0.887062599768095316754568102624034509062767028808593750000000, 2.661739231264118821229658351512625813484191894531250000000000, 5.283587644673743533019205642631277441978454589843750000000000
 0.002854099306020556250235165052231423032935708761215209960938, 0.348891153849612001280888762266840785741806030273437500000000,-0.302315905731329825911757325229700654745101928710937500000000,-0.887062599768095316754568102624034509062767028808593750000000, 2.661739231264118821229658351512625813484191894531250000000000, 5.569186976818269130262706312350928783416748046875000000000000
 0.002854099306020556250235165052231423032935708761215209960938, 0.419930843770477513210437336965696886181831359863281250000000,-0.191775990527706025057241845388489309698343276977539062500000,-0.887062599768095316754568102624034509062767028808593750000000, 2.661739231264118821229658351512625813484191894531250000000000, 5.854786308962795615684626682195812463760375976562500000000000
 0.002854099306020556250235165052231423032935708761215209960938, 0.456950234153948864346261871105525642633438110351562500000000,-0.065699525107258432976564677119313273578882217407226562500000,-0.887062599768095316754568102624034509062767028808593750000000, 2.661739231264118821229658351512625813484191894531250000000000, 6.140385641107322989284966752165928483009338378906250000000000
 0.004233868430175774348611650310658660600893199443817138671875, 0.676329895861704333270836286828853189945220947265625000000000, 0.097241558604793817965905589062458602711558341979980468750000,-0.730152005574049356440013980318326503038406372070312500000000, 2.389340713990711240199971143738366663455963134765625000000000, 0.142799666072263325977687031809182371944189071655273437500000
 0.004233868430175774348611650310658660600893199443817138671875, 0.621537669987755836409348830784438177943229675292968750000000, 0.283846743054037842224346377406618557870388031005859375000000,-0.730152005574049356440013980318326503038406372070312500000000, 2.389340713990711240199971143738366663455963134765625000000000, 0.428398998216789894666334248540806584060192108154296875000000
 0.004233868430175774348611650310658660600893199443817138671875, 0.516392158518251487286931933340383693575859069824218750000000, 0.447456352482624220012752402908517979085445404052734375000000,-0.730152005574049356440013980318326503038406372070312500000000, 2.389340713990711240199971143738366663455963134765625000000000, 0.713998330361316768666313237190479412674903869628906250000000
 0.004233868430175774348611650310658660600893199443817138671875, 0.369411625468016424633788119535893201828002929687500000000000, 0.574815709358461601752310343727003782987594604492187500000000,-0.730152005574049356440013980318326503038406372070312500000000, 2.389340713990711240199971143738366663455963134765625000000000, 0.999597662505843143065931144519709050655364990234375000000000
 0.004233868430175774348611650310658660600893199443817138671875, 0.192503559497892523522111218881036620587110519409179687500000, 0.655606916022729913073874286055797711014747619628906250000000,-0.730152005574049356440013980318326503038406372070312500000000, 2.389340713990711240199971143738366663455963134765625000000000, 1.285196994650369850532456439395900815725326538085937500000000
 0.004233868430175774348611650310658660600893199443817138671875, 0.000000000000000193558816293435272860628112321339692518494259, 0.683284749395296708840419341868255287408828735351562500000000,-0.730152005574049356440013980318326503038406372070312500000000, 2.389340713990711240199971143738366663455963134765625000000000, 1.570796326794896335954376809240784496068954467773437500000000
 0.004233868430175774348611650310658660600893199443817138671875,-0.192503559497892468010959987623209599405527114868164062500000, 0.655606916022729913073874286055797711014747619628906250000000,-0.730152005574049356440013980318326503038406372070312500000000, 2.389340713990711240199971143738366663455963134765625000000000, 1.856395658939423265465507029148284345865249633789062500000000
 0.004233868430175774348611650310658660600893199443817138671875,-0.369411625468016091566880731988931074738502502441406250000000, 0.574815709358461823796915268758311867713928222656250000000000,-0.730152005574049356440013980318326503038406372070312500000000, 2.389340713990711240199971143738366663455963134765625000000000, 2.141994991083949528842822473961859941482543945312500000000000
 0.004233868430175774348611650310658660600893199443817138671875,-0.516392158518251487286931933340383693575859069824218750000000, 0.447456352482624275523903634166345000267028808593750000000000,-0.730152005574049356440013980318326503038406372070312500000000, 2.389340713990711240199971143738366663455963134765625000000000, 2.427594323228476458353952693869359791278839111328125000000000
 0.004233868430175774348611650310658660600893199443817138671875,-0.621537669987755725387046368268784135580062866210937500000000, 0.283846743054038064268951302437926642596721649169921875000000,-0.730152005574049356440013980318326503038406372070312500000000, 2.389340713990711240199971143738366663455963134765625000000000, 2.713193655373002943775873063714243471622467041015625000000000
 0.004233868430175774348611650310658660600893199443817138671875,-0.676329895861704333270836286828853189945220947265625000000000, 0.097241558604793845721481204691372113302350044250488281250000,-0.730152005574049356440013980318326503038406372070312500000000, 2.389340713990711240199971143738366663455963134765625000000000, 2.998792987517529873287003283621743321418762207031250000000000
 0.004233868430175774348611650310658660600893199443817138671875,-0.676329895861704444293138749344507232308387756347656250000000,-0.097241558604793665310239703103434294462203979492187500000000,-0.730152005574049356440013980318326503038406372070312500000000, 2.389340713990711240199971143738366663455963134765625000000000, 3.284392319662055914619713803404010832309722900390625000000000
 0.004233868430175774348611650310658660600893199443817138671875,-0.621537669987755725387046368268784135580062866210937500000000,-0.283846743054037953246648839922272600233554840087890625000000,-0.730152005574049356440013980318326503038406372070312500000000, 2.389340713990711240199971143738366663455963134765625000000000, 3.569991651806583288220053873374126851558685302734375000000000
 0.004233868430175774348611650310658660600893199443817138671875,-0.516392158518251598309234395856037735939025878906250000000000,-0.447456352482624108990449940392863936722278594970703125000000,-0.730152005574049356440013980318326503038406372070312500000000, 2.389340713990711240199971143738366663455963134765625000000000, 3.855590983951109329552764393156394362449645996093750000000000
 0.004233868430175774348611650310658660600893199443817138671875,-0.369411625468016258100334425762412138283252716064453125000000,-0.574815709358461712774612806242657825350761413574218750000000,-0.730152005574049356440013980318326503038406372070312500000000, 2.389340713990711240199971143738366663455963134765625000000000, 4.141190316095636703153104463126510381698608398437500000000000
 0.004233868430175774348611650310658660600893199443817138671875,-0.192503559497892495766535603252123109996318817138671875000000,-0.655606916022729913073874286055797711014747619628906250000000,-0.730152005574049356440013980318326503038406372070312500000000, 2.389340713990711240199971143738366663455963134765625000000000, 4.426789648240163188575024832971394062042236328125000000000000
 0.004233868430175774348611650310658660600893199443817138671875,-0.000000000000000125517372187972721164727918992895739348449367,-0.683284749395296708840419341868255287408828735351562500000000,-0.730152005574049356440013980318326503038406372070312500000000, 2.389340713990711240199971143738366663455963134765625000000000, 4.712388980384689673996945202816277742385864257812500000000000
 0.004233868430175774348611650310658660600893199443817138671875, 0.192503559497892218210779446962988004088401794433593750000000,-0.655606916022729913073874286055797711014747619628906250000000,-0.730152005574049356440013980318326503038406372070312500000000, 2.389340713990711240199971143738366663455963134765625000000000, 4.997988312529216159418865572661161422729492187500000000000000
 0.004233868430175774348611650310658660600893199443817138671875, 0.369411625468016535656090582051547244191169738769531250000000,-0.574815709358461490730007881211349740624427795410156250000000,-0.730152005574049356440013980318326503038406372070312500000000, 2.389340713990711240199971143738366663455963134765625000000000, 5.283587644673743533019205642631277441978454589843750000000000
 0.004233868430175774348611650310658660600893199443817138671875, 0.516392158518251265242327008309075608849525451660156250000000,-0.447456352482624497568508559197653084993362426757812500000000,-0.730152005574049356440013980318326503038406372070312500000000, 2.389340713990711240199971143738366663455963134765625000000000, 5.569186976818269130262706312350928783416748046875000000000000
 0.004233868430175774348611650310658660600893199443817138671875, 0.621537669987755503342441443237476050853729248046875000000000,-0.283846743054038452847009921242715790867805480957031250000000,-0.730152005574049356440013980318326503038406372070312500000000, 2.389340713990711240199971143738366663455963134765625000000000, 5.854786308962795615684626682195812463760375976562500000000000
 0.004233868430175774348611650310658660600893199443817138671875, 0.676329895861704333270836286828853189945220947265625000000000,-0.097241558604793928988208051578112645074725151062011718750000,-0.730152005574049356440013980318326503038406372070312500000000, 2.389340713990711240199971143738366663455963134765625000000000, 6.140385641107322989284966752165928483009338378906250000000000
 0.005299858286181595955210976711668990901671350002288818359375, 0.846016089174692842433955775049980729818344116210937500000000, 0.121638749993836545182368524820049060508608818054199218750000,-0.519096129206811807144106296618701890110969543457031250000000, 2.116589427220218588843181350966915488243103027343750000000000, 0.142799666072263325977687031809182371944189071655273437500000
 0.005299858286181595955210976711668990901671350002288818359375, 0.777476897081174844750250940705882385373115539550781250000000, 0.355061801870509841094758485269267112016677856445312500000000,-0.519096129206811807144106296618701890110969543457031250000000, 2.116589427220218588843181350966915488243103027343750000000000, 0.428398998216789950177485479798633605241775512695312500000000
 0.005299858286181595955210976711668990901671350002288818359375, 0.645951150619285097143063012481434270739555358886718750000000, 0.559719858193477470820198504952713847160339355468750000000000,-0.519096129206811807144106296618701890110969543457031250000000, 2.116589427220218588843181350966915488243103027343750000000000, 0.713998330361316657644010774674825370311737060546875000000000
 0.005299858286181595955210976711668990901671350002288818359375, 0.462094283553633133898586038412759080529212951660156250000000, 0.719032740387779090163178352668182924389839172363281250000000,-0.519096129206811807144106296618701890110969543457031250000000, 2.116589427220218588843181350966915488243103027343750000000000, 0.999597662505843143065931144519709050655364990234375000000000
 0.005299858286181595955210976711668990901671350002288818359375, 0.240801285814987248157237331724900286644697189331054687500000, 0.820093866208224775427026997931534424424171447753906250000000,-0.519096129206811807144106296618701890110969543457031250000000, 2.116589427220218588843181350966915488243103027343750000000000, 1.285196994650369850532456439395900815725326538085937500000000
 0.005299858286181595955210976711668990901671350002288818359375, 0.000000000000000242121298774199433101802660715571758223229150, 0.854715864274499637076587532646954059600830078125000000000000,-0.519096129206811807144106296618701890110969543457031250000000, 2.116589427220218588843181350966915488243103027343750000000000, 1.570796326794896335954376809240784496068954467773437500000000
 0.005299858286181595955210976711668990901671350002288818359375,-0.240801285814987164890510484838159754872322082519531250000000, 0.820093866208224775427026997931534424424171447753906250000000,-0.519096129206811807144106296618701890110969543457031250000000, 2.116589427220218588843181350966915488243103027343750000000000, 1.856395658939423265465507029148284345865249633789062500000000
 0.005299858286181595955210976711668990901671350002288818359375,-0.462094283553632745320527419607969932258129119873046875000000, 0.719032740387779423230085740215145051479339599609375000000000,-0.519096129206811807144106296618701890110969543457031250000000, 2.116589427220218588843181350966915488243103027343750000000000, 2.141994991083949528842822473961859941482543945312500000000000
 0.005299858286181595955210976711668990901671350002288818359375,-0.645951150619284986120760549965780228376388549804687500000000, 0.559719858193477581842500967468367889523506164550781250000000,-0.519096129206811807144106296618701890110969543457031250000000, 2.116589427220218588843181350966915488243103027343750000000000, 2.427594323228476458353952693869359791278839111328125000000000
 0.005299858286181595955210976711668990901671350002288818359375,-0.777476897081174733727948478190228343009948730468750000000000, 0.355061801870510118650514641558402217924594879150390625000000,-0.519096129206811807144106296618701890110969543457031250000000, 2.116589427220218588843181350966915488243103027343750000000000, 2.713193655373002943775873063714243471622467041015625000000000
 0.005299858286181595955210976711668990901671350002288818359375,-0.846016089174692842433955775049980729818344116210937500000000, 0.121638749993836572937944140448962571099400520324707031250000,-0.519096129206811807144106296618701890110969543457031250000000, 2.116589427220218588843181350966915488243103027343750000000000, 2.998792987517529873287003283621743321418762207031250000000000
 0.005299858286181595955210976711668990901671350002288818359375,-0.846016089174692842433955775049980729818344116210937500000000,-0.121638749993836364771127023232111241668462753295898437500000,-0.519096129206811807144106296618701890110969543457031250000000, 2.116589427220218588843181350966915488243103027343750000000000, 3.284392319662055914619713803404010832309722900390625000000000
 0.005299858286181595955210976711668990901671350002288818359375,-0.777476897081174733727948478190228343009948730468750000000000,-0.355061801870509896605909716527094133198261260986328125000000,-0.519096129206811807144106296618701890110969543457031250000000, 2.116589427220218588843181350966915488243103027343750000000000, 3.569991651806582844130844023311510682106018066406250000000000
 0.005299858286181595955210976711668990901671350002288818359375,-0.645951150619285208165365474997088313102722167968750000000000,-0.559719858193477470820198504952713847160339355468750000000000,-0.519096129206811807144106296618701890110969543457031250000000, 2.116589427220218588843181350966915488243103027343750000000000, 3.855590983951109329552764393156394362449645996093750000000000
 0.005299858286181595955210976711668990901671350002288818359375,-0.462094283553632967365132344639278016984462738037109375000000,-0.719032740387779201185480815183836966753005981445312500000000,-0.519096129206811807144106296618701890110969543457031250000000, 2.116589427220218588843181350966915488243103027343750000000000, 4.141190316095636703153104463126510381698608398437500000000000
 0.005299858286181595955210976711668990901671350002288818359375,-0.240801285814987192646086100467073265463113784790039062500000,-0.820093866208224775427026997931534424424171447753906250000000,-0.519096129206811807144106296618701890110969543457031250000000, 2.116589427220218588843181350966915488243103027343750000000000, 4.426789648240163188575024832971394062042236328125000000000000
 0.005299858286181595955210976711668990901671350002288818359375,-0.000000000000000157008757104634415103237469529087141332319562,-0.854715864274499637076587532646954059600830078125000000000000,-0.519096129206811807144106296618701890110969543457031250000000, 2.116589427220218588843181350966915488243103027343750000000000, 4.712388980384689673996945202816277742385864257812500000000000
 0.005299858286181595955210976711668990901671350002288818359375, 0.240801285814986859579178712920111138373613357543945312500000,-0.820093866208224886449329460447188466787338256835937500000000,-0.519096129206811807144106296618701890110969543457031250000000, 2.116589427220218588843181350966915488243103027343750000000000, 4.997988312529216159418865572661161422729492187500000000000000
 0.005299858286181595955210976711668990901671350002288818359375, 0.462094283553633355943190963444067165255546569824218750000000,-0.719032740387778979140875890152528882026672363281250000000000,-0.519096129206811807144106296618701890110969543457031250000000, 2.116589427220218588843181350966915488243103027343750000000000, 5.283587644673743533019205642631277441978454589843750000000000
 0.005299858286181595955210976711668990901671350002288818359375, 0.645951150619284653053853162418818101286888122558593750000000,-0.559719858193477914909408355015330016613006591796875000000000,-0.519096129206811807144106296618701890110969543457031250000000, 2.116589427220218588843181350966915488243103027343750000000000, 5.569186976818269130262706312350928783416748046875000000000000
 0.005299858286181595955210976711668990901671350002288818359375, 0.777476897081174511683343553158920258283615112304687500000000,-0.355061801870510507228573260363191366195678710937500000000000,-0.519096129206811807144106296618701890110969543457031250000000, 2.116589427220218588843181350966915488243103027343750000000000, 5.854786308962795615684626682195812463760375976562500000000000
 0.005299858286181595955210976711668990901671350002288818359375, 0.846016089174692842433955775049980729818344116210937500000000,-0.121638749993836697838034410779073368757963180541992187500000,-0.519096129206811807144106296618701890110969543457031250000000, 2.116589427220218588843181350966915488243103027343750000000000, 6.140385641107322989284966752165928483009338378906250000000000
 0.005972830557051052140227209719114398467354476451873779296875, 0.953186478486208188520834028167882934212684631347656250000000, 0.137047525735823350068187664874130859971046447753906250000000,-0.269543155952344959391808743021101690828800201416015625000000, 1.843714924258342824359147016366478055715560913085937500000000, 0.142799666072263325977687031809182371944189071655273437500000
 0.005972830557051052140227209719114398467354476451873779296875, 0.875964978817518002962572154501685872673988342285156250000000, 0.400039801725372290430726707199937663972377777099609375000000,-0.269543155952344959391808743021101690828800201416015625000000, 1.843714924258342824359147016366478055715560913085937500000000, 0.428398998216789894666334248540806584060192108154296875000000
 0.005972830557051052140227209719114398467354476451873779296875, 0.727778006129352728059700439189327880740165710449218750000000, 0.630623232107439646298985280736815184354782104492187500000000,-0.269543155952344959391808743021101690828800201416015625000000, 1.843714924258342824359147016366478055715560913085937500000000, 0.713998330361316657644010774674825370311737060546875000000000
 0.005972830557051052140227209719114398467354476451873779296875, 0.520630787647047288402291087550111114978790283203125000000000, 0.810117318684932752326233185158343985676765441894531250000000,-0.269543155952344959391808743021101690828800201416015625000000, 1.843714924258342824359147016366478055715560913085937500000000, 0.999597662505843143065931144519709050655364990234375000000000
 0.005972830557051052140227209719114398467354476451873779296875, 0.271305159060093892264831083593890070915222167968750000000000, 0.923980518055779631581003741302993148565292358398437500000000,-0.269543155952344959391808743021101690828800201416015625000000, 1.843714924258342824359147016366478055715560913085937500000000, 1.285196994650369850532456439395900815725326538085937500000000
 0.005972830557051052140227209719114398467354476451873779296875, 0.000000000000000272792386691160605968726074861079123577971717, 0.962988310977474837315526201564352959394454956054687500000000,-0.269543155952344959391808743021101690828800201416015625000000, 1.843714924258342824359147016366478055715560913085937500000000, 1.570796326794896335954376809240784496068954467773437500000000
 0.005972830557051052140227209719114398467354476451873779296875,-0.271305159060093781242528621078236028552055358886718750000000, 0.923980518055779631581003741302993148565292358398437500000000,-0.269543155952344959391808743021101690828800201416015625000000, 1.843714924258342824359147016366478055715560913085937500000000, 1.856395658939423265465507029148284345865249633789062500000000
 0.005972830557051052140227209719114398467354476451873779296875,-0.520630787647046844313081237487494945526123046875000000000000, 0.810117318684933085393140572705306112766265869140625000000000,-0.269543155952344959391808743021101690828800201416015625000000, 1.843714924258342824359147016366478055715560913085937500000000, 2.141994991083949528842822473961859941482543945312500000000000
 0.005972830557051052140227209719114398467354476451873779296875,-0.727778006129352617037397976673673838376998901367187500000000, 0.630623232107439757321287743252469226717948913574218750000000,-0.269543155952344959391808743021101690828800201416015625000000, 1.843714924258342824359147016366478055715560913085937500000000, 2.427594323228476458353952693869359791278839111328125000000000
 0.005972830557051052140227209719114398467354476451873779296875,-0.875964978817517780917967229470377787947654724121093750000000, 0.400039801725372623497634094746899791061878204345703125000000,-0.269543155952344959391808743021101690828800201416015625000000, 1.843714924258342824359147016366478055715560913085937500000000, 2.713193655373002943775873063714243471622467041015625000000000
 0.005972830557051052140227209719114398467354476451873779296875,-0.953186478486208188520834028167882934212684631347656250000000, 0.137047525735823377823763280503044370561838150024414062500000,-0.269543155952344959391808743021101690828800201416015625000000, 1.843714924258342824359147016366478055715560913085937500000000, 2.998792987517529873287003283621743321418762207031250000000000
 0.005972830557051052140227209719114398467354476451873779296875,-0.953186478486208299543136490683536976575851440429687500000000,-0.137047525735823128023582739842822775244712829589843750000000,-0.269543155952344959391808743021101690828800201416015625000000, 1.843714924258342824359147016366478055715560913085937500000000, 3.284392319662055914619713803404010832309722900390625000000000
 0.005972830557051052140227209719114398467354476451873779296875,-0.875964978817517891940269691986031830310821533203125000000000,-0.400039801725372401453029169715591706335544586181640625000000,-0.269543155952344959391808743021101690828800201416015625000000, 1.843714924258342824359147016366478055715560913085937500000000, 3.569991651806582844130844023311510682106018066406250000000000
 0.005972830557051052140227209719114398467354476451873779296875,-0.727778006129352839082002901704981923103332519531250000000000,-0.630623232107439535276682818221161141991615295410156250000000,-0.269543155952344959391808743021101690828800201416015625000000, 1.843714924258342824359147016366478055715560913085937500000000, 3.855590983951109329552764393156394362449645996093750000000000
 0.005972830557051052140227209719114398467354476451873779296875,-0.520630787647047066357686162518803030252456665039062500000000,-0.810117318684932863348535647673998028039932250976562500000000,-0.269543155952344959391808743021101690828800201416015625000000, 1.843714924258342824359147016366478055715560913085937500000000, 4.141190316095636703153104463126510381698608398437500000000000
 0.005972830557051052140227209719114398467354476451873779296875,-0.271305159060093836753679852336063049733638763427734375000000,-0.923980518055779631581003741302993148565292358398437500000000,-0.269543155952344959391808743021101690828800201416015625000000, 1.843714924258342824359147016366478055715560913085937500000000, 4.426789648240163188575024832971394062042236328125000000000000
 0.005972830557051052140227209719114398467354476451873779296875,-0.000000000000000176898082898232072121625868689898691813392262,-0.962988310977474837315526201564352959394454956054687500000000,-0.269543155952344959391808743021101690828800201416015625000000, 1.843714924258342824359147016366478055715560913085937500000000, 4.712388980384689673996945202816277742385864257812500000000000
 0.005972830557051052140227209719114398467354476451873779296875, 0.271305159060093448175621233531273901462554931640625000000000,-0.923980518055779742603306203818647190928459167480468750000000,-0.269543155952344959391808743021101690828800201416015625000000, 1.843714924258342824359147016366478055715560913085937500000000, 4.997988312529216159418865572661161422729492187500000000000000
 0.005972830557051052140227209719114398467354476451873779296875, 0.520630787647047510446896012581419199705123901367187500000000,-0.810117318684932641303930722642689943313598632812500000000000,-0.269543155952344959391808743021101690828800201416015625000000, 1.843714924258342824359147016366478055715560913085937500000000, 5.283587644673743533019205642631277441978454589843750000000000
 0.005972830557051052140227209719114398467354476451873779296875, 0.727778006129352283970490589126711711287498474121093750000000,-0.630623232107440090388195130799431353807449340820312500000000,-0.269543155952344959391808743021101690828800201416015625000000, 1.843714924258342824359147016366478055715560913085937500000000, 5.569186976818269130262706312350928783416748046875000000000000
 0.005972830557051052140227209719114398467354476451873779296875, 0.875964978817517558873362304439069703221321105957031250000000,-0.400039801725373123097995176067342981696128845214843750000000,-0.269543155952344959391808743021101690828800201416015625000000, 1.843714924258342824359147016366478055715560913085937500000000, 5.854786308962795615684626682195812463760375976562500000000000
 0.005972830557051052140227209719114398467354476451873779296875, 0.953186478486208188520834028167882934212684631347656250000000,-0.137047525735823516601641358647611923515796661376953125000000,-0.269543155952344959391808743021101690828800201416015625000000, 1.843714924258342824359147016366478055715560913085937500000000, 6.140385641107322989284966752165928483009338378906250000000000
 0.006202842881315918759088656742051171022467315196990966796875, 0.989821441880932684220795181317953392863273620605468750000000, 0.142314838273285143577240319245902355760335922241210937500000, 0.000000000000000000000000000000000000000000000000000000000000, 1.570796326794896557998981734272092580795288085937500000000000, 0.142799666072263325977687031809182371944189071655273437500000
 0.006202842881315918759088656742051171022467315196990966796875, 0.909631995354518441132540829130448400974273681640625000000000, 0.415415013001886379573335261738975532352924346923828125000000, 0.000000000000000000000000000000000000000000000000000000000000, 1.570796326794896557998981734272092580795288085937500000000000, 0.428398998216789894666334248540806584060192108154296875000000
 0.006202842881315918759088656742051171022467315196990966796875, 0.755749574354258268904516171460272744297981262207031250000000, 0.654860733945285100610078643512679263949394226074218750000000, 0.000000000000000000000000000000000000000000000000000000000000, 1.570796326794896557998981734272092580795288085937500000000000, 0.713998330361316657644010774674825370311737060546875000000000
 0.006202842881315918759088656742051171022467315196990966796875, 0.540640817455597666452149496763013303279876708984375000000000, 0.841253532831181094486794336262391880154609680175781250000000, 0.000000000000000000000000000000000000000000000000000000000000, 1.570796326794896557998981734272092580795288085937500000000000, 0.999597662505843143065931144519709050655364990234375000000000
 0.006202842881315918759088656742051171022467315196990966796875, 0.281732556841429782057417696705670095980167388916015625000000, 0.959492973614497368650688713387353345751762390136718750000000, 0.000000000000000000000000000000000000000000000000000000000000, 1.570796326794896557998981734272092580795288085937500000000000, 1.285196994650369850532456439395900815725326538085937500000000
 0.006202842881315918759088656742051171022467315196990966796875, 0.000000000000000283276944882398980769366179169393352289543439, 1.000000000000000000000000000000000000000000000000000000000000, 0.000000000000000000000000000000000000000000000000000000000000, 1.570796326794896557998981734272092580795288085937500000000000, 1.570796326794896335954376809240784496068954467773437500000000
 0.006202842881315918759088656742051171022467315196990966796875,-0.281732556841429671035115234190016053617000579833984375000000, 0.959492973614497368650688713387353345751762390136718750000000, 0.000000000000000000000000000000000000000000000000000000000000, 1.570796326794896557998981734272092580795288085937500000000000, 1.856395658939423265465507029148284345865249633789062500000000
 0.006202842881315918759088656742051171022467315196990966796875,-0.540640817455597222362939646700397133827209472656250000000000, 0.841253532831181427553701723809354007244110107421875000000000, 0.000000000000000000000000000000000000000000000000000000000000, 1.570796326794896557998981734272092580795288085937500000000000, 2.141994991083949528842822473961859941482543945312500000000000
 0.006202842881315918759088656742051171022467315196990966796875,-0.755749574354258157882213708944618701934814453125000000000000, 0.654860733945285211632381106028333306312561035156250000000000, 0.000000000000000000000000000000000000000000000000000000000000, 1.570796326794896557998981734272092580795288085937500000000000, 2.427594323228476458353952693869359791278839111328125000000000
 0.006202842881315918759088656742051171022467315196990966796875,-0.909631995354518219087935904099140316247940063476562500000000, 0.415415013001886712640242649285937659442424774169921875000000, 0.000000000000000000000000000000000000000000000000000000000000, 1.570796326794896557998981734272092580795288085937500000000000, 2.713193655373002943775873063714243471622467041015625000000000
 0.006202842881315918759088656742051171022467315196990966796875,-0.989821441880932684220795181317953392863273620605468750000000, 0.142314838273285171332815934874815866351127624511718750000000, 0.000000000000000000000000000000000000000000000000000000000000, 1.570796326794896557998981734272092580795288085937500000000000, 2.998792987517529873287003283621743321418762207031250000000000
 0.006202842881315918759088656742051171022467315196990966796875,-0.989821441880932795243097643833607435226440429687500000000000,-0.142314838273284921532635394214594271034002304077148437500000, 0.000000000000000000000000000000000000000000000000000000000000, 1.570796326794896557998981734272092580795288085937500000000000, 3.284392319662055914619713803404010832309722900390625000000000
 0.006202842881315918759088656742051171022467315196990966796875,-0.909631995354518330110238366614794358611106872558593750000000,-0.415415013001886490595637724254629574716091156005859375000000, 0.000000000000000000000000000000000000000000000000000000000000, 1.570796326794896557998981734272092580795288085937500000000000, 3.569991651806582844130844023311510682106018066406250000000000
 0.006202842881315918759088656742051171022467315196990966796875,-0.755749574354258379926818633975926786661148071289062500000000,-0.654860733945284989587776180997025221586227416992187500000000, 0.000000000000000000000000000000000000000000000000000000000000, 1.570796326794896557998981734272092580795288085937500000000000, 3.855590983951109329552764393156394362449645996093750000000000
 0.006202842881315918759088656742051171022467315196990966796875,-0.540640817455597444407544571731705218553543090820312500000000,-0.841253532831181205509096798778045922517776489257812500000000, 0.000000000000000000000000000000000000000000000000000000000000, 1.570796326794896557998981734272092580795288085937500000000000, 4.141190316095636703153104463126510381698608398437500000000000
 0.006202842881315918759088656742051171022467315196990966796875,-0.281732556841429726546266465447843074798583984375000000000000,-0.959492973614497368650688713387353345751762390136718750000000, 0.000000000000000000000000000000000000000000000000000000000000, 1.570796326794896557998981734272092580795288085937500000000000, 4.426789648240163188575024832971394062042236328125000000000000
 0.006202842881315918759088656742051171022467315196990966796875,-0.000000000000000183697019872102968750112960340450031135594986,-1.000000000000000000000000000000000000000000000000000000000000, 0.000000000000000000000000000000000000000000000000000000000000, 1.570796326794896557998981734272092580795288085937500000000000, 4.712388980384689673996945202816277742385864257812500000000000
 0.006202842881315918759088656742051171022467315196990966796875, 0.281732556841429337968207846643053926527500152587890625000000,-0.959492973614497479672991175903007388114929199218750000000000, 0.000000000000000000000000000000000000000000000000000000000000, 1.570796326794896557998981734272092580795288085937500000000000, 4.997988312529216159418865572661161422729492187500000000000000
 0.006202842881315918759088656742051171022467315196990966796875, 0.540640817455597888496754421794321388006210327148437500000000,-0.841253532831180983464491873746737837791442871093750000000000, 0.000000000000000000000000000000000000000000000000000000000000, 1.570796326794896557998981734272092580795288085937500000000000, 5.283587644673743533019205642631277441978454589843750000000000
 0.006202842881315918759088656742051171022467315196990966796875, 0.755749574354257824815306321397656574845314025878906250000000,-0.654860733945285544699288493575295433402061462402343750000000, 0.000000000000000000000000000000000000000000000000000000000000, 1.570796326794896557998981734272092580795288085937500000000000, 5.569186976818269130262706312350928783416748046875000000000000
 0.006202842881315918759088656742051171022467315196990966796875, 0.909631995354517997043330979067832231521606445312500000000000,-0.415415013001887212240603730606380850076675415039062500000000, 0.000000000000000000000000000000000000000000000000000000000000, 1.570796326794896557998981734272092580795288085937500000000000, 5.854786308962795615684626682195812463760375976562500000000000
 0.006202842881315918759088656742051171022467315196990966796875, 0.989821441880932684220795181317953392863273620605468750000000,-0.142314838273285310110694013019383419305086135864257812500000, 0.000000000000000000000000000000000000000000000000000000000000, 1.570796326794896557998981734272092580795288085937500000000000, 6.140385641107322989284966752165928483009338378906250000000000
 0.005972830557051052140227209719114398467354476451873779296875, 0.953186478486208188520834028167882934212684631347656250000000, 0.137047525735823350068187664874130859971046447753906250000000, 0.269543155952344959391808743021101690828800201416015625000000, 1.297877729331450291638816452177707105875015258789062500000000, 0.142799666072263325977687031809182371944189071655273437500000
 0.005972830557051052140227209719114398467354476451873779296875, 0.875964978817518002962572154501685872673988342285156250000000, 0.400039801725372290430726707199937663972377777099609375000000, 0.269543155952344959391808743021101690828800201416015625000000, 1.297877729331450291638816452177707105875015258789062500000000, 0.428398998216789894666334248540806584060192108154296875000000
 0.005972830557051052140227209719114398467354476451873779296875, 0.727778006129352728059700439189327880740165710449218750000000, 0.630623232107439646298985280736815184354782104492187500000000, 0.269543155952344959391808743021101690828800201416015625000000, 1.297877729331450291638816452177707105875015258789062500000000, 0.713998330361316657644010774674825370311737060546875000000000
 0.005972830557051052140227209719114398467354476451873779296875, 0.520630787647047288402291087550111114978790283203125000000000, 0.810117318684932752326233185158343985676765441894531250000000, 0.269543155952344959391808743021101690828800201416015625000000, 1.297877729331450291638816452177707105875015258789062500000000, 0.999597662505843143065931144519709050655364990234375000000000
 0.005972830557051052140227209719114398467354476451873779296875, 0.271305159060093892264831083593890070915222167968750000000000, 0.923980518055779631581003741302993148565292358398437500000000, 0.269543155952344959391808743021101690828800201416015625000000, 1.297877729331450291638816452177707105875015258789062500000000, 1.285196994650369850532456439395900815725326538085937500000000
 0.005972830557051052140227209719114398467354476451873779296875, 0.000000000000000272792386691160605968726074861079123577971717, 0.962988310977474837315526201564352959394454956054687500000000, 0.269543155952344959391808743021101690828800201416015625000000, 1.297877729331450291638816452177707105875015258789062500000000, 1.570796326794896335954376809240784496068954467773437500000000
 0.005972830557051052140227209719114398467354476451873779296875,-0.271305159060093781242528621078236028552055358886718750000000, 0.923980518055779631581003741302993148565292358398437500000000, 0.269543155952344959391808743021101690828800201416015625000000, 1.297877729331450291638816452177707105875015258789062500000000, 1.856395658939423265465507029148284345865249633789062500000000
 0.005972830557051052140227209719114398467354476451873779296875,-0.520630787647046844313081237487494945526123046875000000000000, 0.810117318684933085393140572705306112766265869140625000000000, 0.269543155952344959391808743021101690828800201416015625000000, 1.297877729331450291638816452177707105875015258789062500000000, 2.141994991083949528842822473961859941482543945312500000000000
 0.005972830557051052140227209719114398467354476451873779296875,-0.727778006129352617037397976673673838376998901367187500000000, 0.630623232107439757321287743252469226717948913574218750000000, 0.269543155952344959391808743021101690828800201416015625000000, 1.297877729331450291638816452177707105875015258789062500000000, 2.427594323228476458353952693869359791278839111328125000000000
 0.005972830557051052140227209719114398467354476451873779296875,-0.875964978817517780917967229470377787947654724121093750000000, 0.400039801725372623497634094746899791061878204345703125000000, 0.269543155952344959391808743021101690828800201416015625000000, 1.297877729331450291638816452177707105875015258789062500000000, 2.713193655373002943775873063714243471622467041015625000000000
 0.005972830557051052140227209719114398467354476451873779296875,-0.953186478486208188520834028167882934212684631347656250000000, 0.137047525735823377823763280503044370561838150024414062500000, 0.269543155952344959391808743021101690828800201416015625000000, 1.297877729331450291638816452177707105875015258789062500000000, 2.998792987517529873287003283621743321418762207031250000000000
 0.005972830557051052140227209719114398467354476451873779296875,-0.953186478486208299543136490683536976575851440429687500000000,-0.137047525735823128023582739842822775244712829589843750000000, 0.269543155952344959391808743021101690828800201416015625000000, 1.297877729331450291638816452177707105875015258789062500000000, 3.284392319662055914619713803404010832309722900390625000000000
 0.005972830557051052140227209719114398467354476451873779296875,-0.875964978817517891940269691986031830310821533203125000000000,-0.400039801725372401453029169715591706335544586181640625000000, 0.269543155952344959391808743021101690828800201416015625000000, 1.297877729331450291638816452177707105875015258789062500000000, 3.569991651806582844130844023311510682106018066406250000000000
 0.005972830557051052140227209719114398467354476451873779296875,-0.727778006129352839082002901704981923103332519531250000000000,-0.630623232107439535276682818221161141991615295410156250000000, 0.269543155952344959391808743021101690828800201416015625000000, 1.297877729331450291638816452177707105875015258789062500000000, 3.855590983951109329552764393156394362449645996093750000000000
 0.005972830557051052140227209719114398467354476451873779296875,-0.520630787647047066357686162518803030252456665039062500000000,-0.810117318684932863348535647673998028039932250976562500000000, 0.269543155952344959391808743021101690828800201416015625000000, 1.297877729331450291638816452177707105875015258789062500000000, 4.141190316095636703153104463126510381698608398437500000000000
 0.005972830557051052140227209719114398467354476451873779296875,-0.271305159060093836753679852336063049733638763427734375000000,-0.923980518055779631581003741302993148565292358398437500000000, 0.269543155952344959391808743021101690828800201416015625000000, 1.297877729331450291638816452177707105875015258789062500000000, 4.426789648240163188575024832971394062042236328125000000000000
 0.005972830557051052140227209719114398467354476451873779296875,-0.000000000000000176898082898232072121625868689898691813392262,-0.962988310977474837315526201564352959394454956054687500000000, 0.269543155952344959391808743021101690828800201416015625000000, 1.297877729331450291638816452177707105875015258789062500000000, 4.712388980384689673996945202816277742385864257812500000000000
 0.005972830557051052140227209719114398467354476451873779296875, 0.271305159060093448175621233531273901462554931640625000000000,-0.923980518055779742603306203818647190928459167480468750000000, 0.269543155952344959391808743021101690828800201416015625000000, 1.297877729331450291638816452177707105875015258789062500000000, 4.997988312529216159418865572661161422729492187500000000000000
 0.005972830557051052140227209719114398467354476451873779296875, 0.520630787647047510446896012581419199705123901367187500000000,-0.810117318684932641303930722642689943313598632812500000000000, 0.269543155952344959391808743021101690828800201416015625000000, 1.297877729331450291638816452177707105875015258789062500000000, 5.283587644673743533019205642631277441978454589843750000000000
 0.005972830557051052140227209719114398467354476451873779296875, 0.727778006129352283970490589126711711287498474121093750000000,-0.630623232107440090388195130799431353807449340820312500000000, 0.269543155952344959391808743021101690828800201416015625000000, 1.297877729331450291638816452177707105875015258789062500000000, 5.569186976818269130262706312350928783416748046875000000000000
 0.005972830557051052140227209719114398467354476451873779296875, 0.875964978817517558873362304439069703221321105957031250000000,-0.400039801725373123097995176067342981696128845214843750000000, 0.269543155952344959391808743021101690828800201416015625000000, 1.297877729331450291638816452177707105875015258789062500000000, 5.854786308962795615684626682195812463760375976562500000000000
 0.005972830557051052140227209719114398467354476451873779296875, 0.953186478486208188520834028167882934212684631347656250000000,-0.137047525735823516601641358647611923515796661376953125000000, 0.269543155952344959391808743021101690828800201416015625000000, 1.297877729331450291638816452177707105875015258789062500000000, 6.140385641107322989284966752165928483009338378906250000000000
 0.005299858286181595955210976711668990901671350002288818359375, 0.846016089174692842433955775049980729818344116210937500000000, 0.121638749993836545182368524820049060508608818054199218750000, 0.519096129206811807144106296618701890110969543457031250000000, 1.025003226369574749199387042608577758073806762695312500000000, 0.142799666072263325977687031809182371944189071655273437500000
 0.005299858286181595955210976711668990901671350002288818359375, 0.777476897081174844750250940705882385373115539550781250000000, 0.355061801870509841094758485269267112016677856445312500000000, 0.519096129206811807144106296618701890110969543457031250000000, 1.025003226369574749199387042608577758073806762695312500000000, 0.428398998216789950177485479798633605241775512695312500000000
 0.005299858286181595955210976711668990901671350002288818359375, 0.645951150619285097143063012481434270739555358886718750000000, 0.559719858193477470820198504952713847160339355468750000000000, 0.519096129206811807144106296618701890110969543457031250000000, 1.025003226369574749199387042608577758073806762695312500000000, 0.713998330361316657644010774674825370311737060546875000000000
 0.005299858286181595955210976711668990901671350002288818359375, 0.462094283553633133898586038412759080529212951660156250000000, 0.719032740387779090163178352668182924389839172363281250000000, 0.519096129206811807144106296618701890110969543457031250000000, 1.025003226369574749199387042608577758073806762695312500000000, 0.999597662505843143065931144519709050655364990234375000000000
 0.005299858286181595955210976711668990901671350002288818359375, 0.240801285814987248157237331724900286644697189331054687500000, 0.820093866208224775427026997931534424424171447753906250000000, 0.519096129206811807144106296618701890110969543457031250000000, 1.025003226369574749199387042608577758073806762695312500000000, 1.285196994650369850532456439395900815725326538085937500000000
 0.005299858286181595955210976711668990901671350002288818359375, 0.000000000000000242121298774199433101802660715571758223229150, 0.854715864274499637076587532646954059600830078125000000000000, 0.519096129206811807144106296618701890110969543457031250000000, 1.025003226369574749199387042608577758073806762695312500000000, 1.570796326794896335954376809240784496068954467773437500000000
 0.005299858286181595955210976711668990901671350002288818359375,-0.240801285814987164890510484838159754872322082519531250000000, 0.820093866208224775427026997931534424424171447753906250000000, 0.519096129206811807144106296618701890110969543457031250000000, 1.025003226369574749199387042608577758073806762695312500000000, 1.856395658939423265465507029148284345865249633789062500000000
 0.005299858286181595955210976711668990901671350002288818359375,-0.462094283553632745320527419607969932258129119873046875000000, 0.719032740387779423230085740215145051479339599609375000000000, 0.519096129206811807144106296618701890110969543457031250000000, 1.025003226369574749199387042608577758073806762695312500000000, 2.141994991083949528842822473961859941482543945312500000000000
 0.005299858286181595955210976711668990901671350002288818359375,-0.645951150619284986120760549965780228376388549804687500000000, 0.559719858193477581842500967468367889523506164550781250000000, 0.519096129206811807144106296618701890110969543457031250000000, 1.025003226369574749199387042608577758073806762695312500000000, 2.427594323228476458353952693869359791278839111328125000000000
 0.005299858286181595955210976711668990901671350002288818359375,-0.777476897081174733727948478190228343009948730468750000000000, 0.355061801870510118650514641558402217924594879150390625000000, 0.519096129206811807144106296618701890110969543457031250000000, 1.025003226369574749199387042608577758073806762695312500000000, 2.713193655373002943775873063714243471622467041015625000000000
 0.005299858286181595955210976711668990901671350002288818359375,-0.846016089174692842433955775049980729818344116210937500000000, 0.121638749993836572937944140448962571099400520324707031250000, 0.519096129206811807144106296618701890110969543457031250000000, 1.025003226369574749199387042608577758073806762695312500000000, 2.998792987517529873287003283621743321418762207031250000000000
 0.005299858286181595955210976711668990901671350002288818359375,-0.846016089174692842433955775049980729818344116210937500000000,-0.121638749993836364771127023232111241668462753295898437500000, 0.519096129206811807144106296618701890110969543457031250000000, 1.025003226369574749199387042608577758073806762695312500000000, 3.284392319662055914619713803404010832309722900390625000000000
 0.005299858286181595955210976711668990901671350002288818359375,-0.777476897081174733727948478190228343009948730468750000000000,-0.355061801870509896605909716527094133198261260986328125000000, 0.519096129206811807144106296618701890110969543457031250000000, 1.025003226369574749199387042608577758073806762695312500000000, 3.569991651806582844130844023311510682106018066406250000000000
 0.005299858286181595955210976711668990901671350002288818359375,-0.645951150619285208165365474997088313102722167968750000000000,-0.559719858193477470820198504952713847160339355468750000000000, 0.519096129206811807144106296618701890110969543457031250000000, 1.025003226369574749199387042608577758073806762695312500000000, 3.855590983951109329552764393156394362449645996093750000000000
 0.005299858286181595955210976711668990901671350002288818359375,-0.462094283553632967365132344639278016984462738037109375000000,-0.719032740387779201185480815183836966753005981445312500000000, 0.519096129206811807144106296618701890110969543457031250000000, 1.025003226369574749199387042608577758073806762695312500000000, 4.141190316095636703153104463126510381698608398437500000000000
 0.005299858286181595955210976711668990901671350002288818359375,-0.240801285814987192646086100467073265463113784790039062500000,-0.820093866208224775427026997931534424424171447753906250000000, 0.519096129206811807144106296618701890110969543457031250000000, 1.025003226369574749199387042608577758073806762695312500000000, 4.426789648240163188575024832971394062042236328125000000000000
 0.005299858286181595955210976711668990901671350002288818359375,-0.000000000000000157008757104634415103237469529087141332319562,-0.854715864274499637076587532646954059600830078125000000000000, 0.519096129206811807144106296618701890110969543457031250000000, 1.025003226369574749199387042608577758073806762695312500000000, 4.712388980384689673996945202816277742385864257812500000000000
 0.005299858286181595955210976711668990901671350002288818359375, 0.240801285814986859579178712920111138373613357543945312500000,-0.820093866208224886449329460447188466787338256835937500000000, 0.519096129206811807144106296618701890110969543457031250000000, 1.025003226369574749199387042608577758073806762695312500000000, 4.997988312529216159418865572661161422729492187500000000000000
 0.005299858286181595955210976711668990901671350002288818359375, 0.462094283553633355943190963444067165255546569824218750000000,-0.719032740387778979140875890152528882026672363281250000000000, 0.519096129206811807144106296618701890110969543457031250000000, 1.025003226369574749199387042608577758073806762695312500000000, 5.283587644673743533019205642631277441978454589843750000000000
 0.005299858286181595955210976711668990901671350002288818359375, 0.645951150619284653053853162418818101286888122558593750000000,-0.559719858193477914909408355015330016613006591796875000000000, 0.519096129206811807144106296618701890110969543457031250000000, 1.025003226369574749199387042608577758073806762695312500000000, 5.569186976818269130262706312350928783416748046875000000000000
 0.005299858286181595955210976711668990901671350002288818359375, 0.777476897081174511683343553158920258283615112304687500000000,-0.355061801870510507228573260363191366195678710937500000000000, 0.519096129206811807144106296618701890110969543457031250000000, 1.025003226369574749199387042608577758073806762695312500000000, 5.854786308962795615684626682195812463760375976562500000000000
 0.005299858286181595955210976711668990901671350002288818359375, 0.846016089174692842433955775049980729818344116210937500000000,-0.121638749993836697838034410779073368757963180541992187500000, 0.519096129206811807144106296618701890110969543457031250000000, 1.025003226369574749199387042608577758073806762695312500000000, 6.140385641107322989284966752165928483009338378906250000000000
 0.004233868430175774348611650310658660600893199443817138671875, 0.676329895861704333270836286828853189945220947265625000000000, 0.097241558604793817965905589062458602711558341979980468750000, 0.730152005574049356440013980318326503038406372070312500000000, 0.752251939599082097842597249837126582860946655273437500000000, 0.142799666072263325977687031809182371944189071655273437500000
 0.004233868430175774348611650310658660600893199443817138671875, 0.621537669987755836409348830784438177943229675292968750000000, 0.283846743054037842224346377406618557870388031005859375000000, 0.730152005574049356440013980318326503038406372070312500000000, 0.752251939599082097842597249837126582860946655273437500000000, 0.428398998216789894666334248540806584060192108154296875000000
 0.004233868430175774348611650310658660600893199443817138671875, 0.516392158518251487286931933340383693575859069824218750000000, 0.447456352482624220012752402908517979085445404052734375000000, 0.730152005574049356440013980318326503038406372070312500000000, 0.752251939599082097842597249837126582860946655273437500000000, 0.713998330361316768666313237190479412674903869628906250000000
 0.004233868430175774348611650310658660600893199443817138671875, 0.369411625468016424633788119535893201828002929687500000000000, 0.574815709358461601752310343727003782987594604492187500000000, 0.730152005574049356440013980318326503038406372070312500000000, 0.752251939599082097842597249837126582860946655273437500000000, 0.999597662505843143065931144519709050655364990234375000000000
 0.004233868430175774348611650310658660600893199443817138671875, 0.192503559497892523522111218881036620587110519409179687500000, 0.655606916022729913073874286055797711014747619628906250000000, 0.730152005574049356440013980318326503038406372070312500000000, 0.752251939599082097842597249837126582860946655273437500000000, 1.285196994650369850532456439395900815725326538085937500000000
 0.004233868430175774348611650310658660600893199443817138671875, 0.000000000000000193558816293435272860628112321339692518494259, 0.683284749395296708840419341868255287408828735351562500000000, 0.730152005574049356440013980318326503038406372070312500000000, 0.752251939599082097842597249837126582860946655273437500000000, 1.570796326794896335954376809240784496068954467773437500000000
 0.004233868430175774348611650310658660600893199443817138671875,-0.192503559497892468010959987623209599405527114868164062500000, 0.655606916022729913073874286055797711014747619628906250000000, 0.730152005574049356440013980318326503038406372070312500000000, 0.752251939599082097842597249837126582860946655273437500000000, 1.856395658939423265465507029148284345865249633789062500000000
 0.004233868430175774348611650310658660600893199443817138671875,-0.369411625468016091566880731988931074738502502441406250000000, 0.574815709358461823796915268758311867713928222656250000000000, 0.730152005574049356440013980318326503038406372070312500000000, 0.752251939599082097842597249837126582860946655273437500000000, 2.141994991083949528842822473961859941482543945312500000000000
 0.004233868430175774348611650310658660600893199443817138671875,-0.516392158518251487286931933340383693575859069824218750000000, 0.447456352482624275523903634166345000267028808593750000000000, 0.730152005574049356440013980318326503038406372070312500000000, 0.752251939599082097842597249837126582860946655273437500000000, 2.427594323228476458353952693869359791278839111328125000000000
 0.004233868430175774348611650310658660600893199443817138671875,-0.621537669987755725387046368268784135580062866210937500000000, 0.283846743054038064268951302437926642596721649169921875000000, 0.730152005574049356440013980318326503038406372070312500000000, 0.752251939599082097842597249837126582860946655273437500000000, 2.713193655373002943775873063714243471622467041015625000000000
 0.004233868430175774348611650310658660600893199443817138671875,-0.676329895861704333270836286828853189945220947265625000000000, 0.097241558604793845721481204691372113302350044250488281250000, 0.730152005574049356440013980318326503038406372070312500000000, 0.752251939599082097842597249837126582860946655273437500000000, 2.998792987517529873287003283621743321418762207031250000000000
 0.004233868430175774348611650310658660600893199443817138671875,-0.676329895861704444293138749344507232308387756347656250000000,-0.097241558604793665310239703103434294462203979492187500000000, 0.730152005574049356440013980318326503038406372070312500000000, 0.752251939599082097842597249837126582860946655273437500000000, 3.284392319662055914619713803404010832309722900390625000000000
 0.004233868430175774348611650310658660600893199443817138671875,-0.621537669987755725387046368268784135580062866210937500000000,-0.283846743054037953246648839922272600233554840087890625000000, 0.730152005574049356440013980318326503038406372070312500000000, 0.752251939599082097842597249837126582860946655273437500000000, 3.569991651806583288220053873374126851558685302734375000000000
 0.004233868430175774348611650310658660600893199443817138671875,-0.516392158518251598309234395856037735939025878906250000000000,-0.447456352482624108990449940392863936722278594970703125000000, 0.730152005574049356440013980318326503038406372070312500000000, 0.752251939599082097842597249837126582860946655273437500000000, 3.855590983951109329552764393156394362449645996093750000000000
 0.004233868430175774348611650310658660600893199443817138671875,-0.369411625468016258100334425762412138283252716064453125000000,-0.574815709358461712774612806242657825350761413574218750000000, 0.730152005574049356440013980318326503038406372070312500000000, 0.752251939599082097842597249837126582860946655273437500000000, 4.141190316095636703153104463126510381698608398437500000000000
 0.004233868430175774348611650310658660600893199443817138671875,-0.192503559497892495766535603252123109996318817138671875000000,-0.655606916022729913073874286055797711014747619628906250000000, 0.730152005574049356440013980318326503038406372070312500000000, 0.752251939599082097842597249837126582860946655273437500000000, 4.426789648240163188575024832971394062042236328125000000000000
 0.004233868430175774348611650310658660600893199443817138671875,-0.000000000000000125517372187972721164727918992895739348449367,-0.683284749395296708840419341868255287408828735351562500000000, 0.730152005574049356440013980318326503038406372070312500000000, 0.752251939599082097842597249837126582860946655273437500000000, 4.712388980384689673996945202816277742385864257812500000000000
 0.004233868430175774348611650310658660600893199443817138671875, 0.192503559497892218210779446962988004088401794433593750000000,-0.655606916022729913073874286055797711014747619628906250000000, 0.730152005574049356440013980318326503038406372070312500000000, 0.752251939599081875797992324805818498134613037109375000000000, 4.997988312529216159418865572661161422729492187500000000000000
 0.004233868430175774348611650310658660600893199443817138671875, 0.369411625468016535656090582051547244191169738769531250000000,-0.574815709358461490730007881211349740624427795410156250000000, 0.730152005574049356440013980318326503038406372070312500000000, 0.752251939599082097842597249837126582860946655273437500000000, 5.283587644673743533019205642631277441978454589843750000000000
 0.004233868430175774348611650310658660600893199443817138671875, 0.516392158518251265242327008309075608849525451660156250000000,-0.447456352482624497568508559197653084993362426757812500000000, 0.730152005574049356440013980318326503038406372070312500000000, 0.752251939599082097842597249837126582860946655273437500000000, 5.569186976818269130262706312350928783416748046875000000000000
 0.004233868430175774348611650310658660600893199443817138671875, 0.621537669987755503342441443237476050853729248046875000000000,-0.283846743054038452847009921242715790867805480957031250000000, 0.730152005574049356440013980318326503038406372070312500000000, 0.752251939599082097842597249837126582860946655273437500000000, 5.854786308962795615684626682195812463760375976562500000000000
 0.004233868430175774348611650310658660600893199443817138671875, 0.676329895861704333270836286828853189945220947265625000000000,-0.097241558604793928988208051578112645074725151062011718750000, 0.730152005574049356440013980318326503038406372070312500000000, 0.752251939599082097842597249837126582860946655273437500000000, 6.140385641107322989284966752165928483009338378906250000000000
 0.002854099306020556250235165052231423032935708761215209960938, 0.456950234153948864346261871105525642633438110351562500000000, 0.065699525107258363587625638047029497101902961730957031250000, 0.887062599768095316754568102624034509062767028808593750000000, 0.479853422325674294768305117031559348106384277343750000000000, 0.142799666072263353733262647438095882534980773925781250000000
 0.002854099306020556250235165052231423032935708761215209960938, 0.419930843770477679743891030739177949726581573486328125000000, 0.191775990527705636479183226583700161427259445190429687500000, 0.887062599768095316754568102624034509062767028808593750000000, 0.479853422325674294768305117031559348106384277343750000000000, 0.428398998216789894666334248540806584060192108154296875000000
 0.002854099306020556250235165052231423032935708761215209960938, 0.348891153849612223325493687298148870468139648437500000000000, 0.302315905731329659378303631456219591200351715087890625000000, 0.887062599768095316754568102624034509062767028808593750000000, 0.479853422325674294768305117031559348106384277343750000000000, 0.713998330361316768666313237190479412674903869628906250000000
 0.002854099306020556250235165052231423032935708761215209960938, 0.249586377579437440621390464912110473960638046264648437500000, 0.388363984194521394410770653848885558545589447021484375000000, 0.887062599768095316754568102624034509062767028808593750000000, 0.479853422325674294768305117031559348106384277343750000000000, 0.999597662505843254088233607035363093018531799316406250000000
 0.002854099306020556250235165052231423032935708761215209960938, 0.130061597345118046265000089078966993838548660278320312500000, 0.442949122347820412048946536742732860147953033447265625000000, 0.887062599768095316754568102624034509062767028808593750000000, 0.479853422325674294768305117031559348106384277343750000000000, 1.285196994650369850532456439395900815725326538085937500000000
 0.002854099306020556250235165052231423032935708761215209960938, 0.000000000000000130774562782201745737528193962599061129913085, 0.461649156928362613960814542224397882819175720214843750000000, 0.887062599768095316754568102624034509062767028808593750000000, 0.479853422325674294768305117031559348106384277343750000000000, 1.570796326794896335954376809240784496068954467773437500000000
 0.002854099306020556250235165052231423032935708761215209960938,-0.130061597345118018509424473450053483247756958007812500000000, 0.442949122347820412048946536742732860147953033447265625000000, 0.887062599768095316754568102624034509062767028808593750000000, 0.479853422325674294768305117031559348106384277343750000000000, 1.856395658939423265465507029148284345865249633789062500000000
 0.002854099306020556250235165052231423032935708761215209960938,-0.249586377579437246332361155509715899825096130371093750000000, 0.388363984194521505433073116364539600908756256103515625000000, 0.887062599768095316754568102624034509062767028808593750000000, 0.479853422325674294768305117031559348106384277343750000000000, 2.141994991083949528842822473961859941482543945312500000000000
 0.002854099306020556250235165052231423032935708761215209960938,-0.348891153849612167814342456040321849286556243896484375000000, 0.302315905731329714889454862714046612381935119628906250000000, 0.887062599768095316754568102624034509062767028808593750000000, 0.479853422325674294768305117031559348106384277343750000000000, 2.427594323228476458353952693869359791278839111328125000000000
 0.002854099306020556250235165052231423032935708761215209960938,-0.419930843770477568721588568223523907363414764404296875000000, 0.191775990527705803012636920357181224972009658813476562500000, 0.887062599768095316754568102624034509062767028808593750000000, 0.479853422325674294768305117031559348106384277343750000000000, 2.713193655373002943775873063714243471622467041015625000000000
 0.002854099306020556250235165052231423032935708761215209960938,-0.456950234153948864346261871105525642633438110351562500000000, 0.065699525107258377465413445861486252397298812866210937500000, 0.887062599768095316754568102624034509062767028808593750000000, 0.479853422325674294768305117031559348106384277343750000000000, 2.998792987517529873287003283621743321418762207031250000000000
 0.002854099306020556250235165052231423032935708761215209960938,-0.456950234153948919857413102363352663815021514892578125000000,-0.065699525107258252565323175531375454738736152648925781250000, 0.887062599768095316754568102624034509062767028808593750000000, 0.479853422325674294768305117031559348106384277343750000000000, 3.284392319662055914619713803404010832309722900390625000000000
 0.002854099306020556250235165052231423032935708761215209960938,-0.419930843770477624232739799481350928544998168945312500000000,-0.191775990527705691990334457841527182608842849731445312500000, 0.887062599768095316754568102624034509062767028808593750000000, 0.479853422325674294768305117031559348106384277343750000000000, 3.569991651806583288220053873374126851558685302734375000000000
 0.002854099306020556250235165052231423032935708761215209960938,-0.348891153849612278836644918555975891649723052978515625000000,-0.302315905731329603867152400198392570018768310546875000000000, 0.887062599768095316754568102624034509062767028808593750000000, 0.479853422325674294768305117031559348106384277343750000000000, 3.855590983951109329552764393156394362449645996093750000000000
 0.002854099306020556250235165052231423032935708761215209960938,-0.249586377579437357354663618025369942188262939453125000000000,-0.388363984194521449921921885106712579727172851562500000000000, 0.887062599768095316754568102624034509062767028808593750000000, 0.479853422325674294768305117031559348106384277343750000000000, 4.141190316095636703153104463126510381698608398437500000000000
 0.002854099306020556250235165052231423032935708761215209960938,-0.130061597345118018509424473450053483247756958007812500000000,-0.442949122347820412048946536742732860147953033447265625000000, 0.887062599768095316754568102624034509062767028808593750000000, 0.479853422325674294768305117031559348106384277343750000000000, 4.426789648240163188575024832971394062042236328125000000000000
 0.002854099306020556250235165052231423032935708761215209960938,-0.000000000000000084803574354209006097861437134492875478417025,-0.461649156928362613960814542224397882819175720214843750000000, 0.887062599768095316754568102624034509062767028808593750000000, 0.479853422325674294768305117031559348106384277343750000000000, 4.712388980384689673996945202816277742385864257812500000000000
 0.002854099306020556250235165052231423032935708761215209960938, 0.130061597345117851975970779676572419703006744384765625000000,-0.442949122347820412048946536742732860147953033447265625000000, 0.887062599768095316754568102624034509062767028808593750000000, 0.479853422325674294768305117031559348106384277343750000000000, 4.997988312529216159418865572661161422729492187500000000000000
 0.002854099306020556250235165052231423032935708761215209960938, 0.249586377579437551643692927427764516323804855346679687500000,-0.388363984194521338899619422591058537364006042480468750000000, 0.887062599768095316754568102624034509062767028808593750000000, 0.479853422325674294768305117031559348106384277343750000000000, 5.283587644673743533019205642631277441978454589843750000000000
 0.002854099306020556250235165052231423032935708761215209960938, 0.348891153849612001280888762266840785741806030273437500000000,-0.302315905731329825911757325229700654745101928710937500000000, 0.887062599768095316754568102624034509062767028808593750000000, 0.479853422325674294768305117031559348106384277343750000000000, 5.569186976818269130262706312350928783416748046875000000000000
 0.002854099306020556250235165052231423032935708761215209960938, 0.419930843770477513210437336965696886181831359863281250000000,-0.191775990527706025057241845388489309698343276977539062500000, 0.887062599768095316754568102624034509062767028808593750000000, 0.479853422325674294768305117031559348106384277343750000000000, 5.854786308962795615684626682195812463760375976562500000000000
 0.002854099306020556250235165052231423032935708761215209960938, 0.456950234153948864346261871105525642633438110351562500000000,-0.065699525107258432976564677119313273578882217407226562500000, 0.887062599768095316754568102624034509062767028808593750000000, 0.479853422325674294768305117031559348106384277343750000000000, 6.140385641107322989284966752165928483009338378906250000000000
 0.001265194707185751232109138797454761515837162733078002929688, 0.205417623519541736598625902843195945024490356445312500000000, 0.029534595466141417424710269301613152492791414260864257812500, 0.978228658146056972988446887029567733407020568847656250000000, 0.209049287413741041730119718522473704069852828979492187500000, 0.142799666072263325977687031809182371944189071655273437500000
 0.001265194707185751232109138797454761515837162733078002929688, 0.188775909327635132983758126101747620850801467895507812500000, 0.086211069122759970140279506267688702791929244995117187500000, 0.978228658146056972988446887029567733407020568847656250000000, 0.209049287413741041730119718522473704069852828979492187500000, 0.428398998216789894666334248540806584060192108154296875000000
 0.001265194707185751232109138797454761515837162733078002929688, 0.156840693655564938913116179719509091228246688842773437500000, 0.135903234676022499627379147568717598915100097656250000000000, 0.978228658146056972988446887029567733407020568847656250000000, 0.209049287413741041730119718522473704069852828979492187500000, 0.713998330361316657644010774674825370311737060546875000000000
 0.001265194707185751232109138797454761515837162733078002929688, 0.112199177751041795358943886640190612524747848510742187500000, 0.174585328403491391036084223742363974452018737792968750000000, 0.978228658146056972988446887029567733407020568847656250000000, 0.209049287413741041730119718522473704069852828979492187500000, 0.999597662505843143065931144519709050655364990234375000000000
 0.001265194707185751232109138797454761515837162733078002929688, 0.058467951739332328642273495233894209377467632293701171875000, 0.199123557122636574145957411019480787217617034912109375000000, 0.978228658146056972988446887029567733407020568847656250000000, 0.209049287413741041730119718522473704069852828979492187500000, 1.285196994650369850532456439395900815725326538085937500000000
 0.001265194707185751232109138797454761515837162733078002929688, 0.000000000000000058788458557779344157170974863320287316527499, 0.207529979477098225348896676223375834524631500244140625000000, 0.978228658146056972988446887029567733407020568847656250000000, 0.209049287413741041730119718522473704069852828979492187500000, 1.570796326794896335954376809240784496068954467773437500000000
 0.001265194707185751232109138797454761515837162733078002929688,-0.058467951739332307825591783512209076434373855590820312500000, 0.199123557122636574145957411019480787217617034912109375000000, 0.978228658146056972988446887029567733407020568847656250000000, 0.209049287413741041730119718522473704069852828979492187500000, 1.856395658939423265465507029148284345865249633789062500000000
 0.001265194707185751232109138797454761515837162733078002929688,-0.112199177751041698214429231938993325456976890563964843750000, 0.174585328403491446547235455000190995633602142333984375000000, 0.978228658146056972988446887029567733407020568847656250000000, 0.209049287413741041730119718522473704069852828979492187500000, 2.141994991083949528842822473961859941482543945312500000000000
 0.001265194707185751232109138797454761515837162733078002929688,-0.156840693655564911157540564090595580637454986572265625000000, 0.135903234676022527382954763197631109505891799926757812500000, 0.978228658146056972988446887029567733407020568847656250000000, 0.209049287413741041730119718522473704069852828979492187500000, 2.427594323228476458353952693869359791278839111328125000000000
 0.001265194707185751232109138797454761515837162733078002929688,-0.188775909327635077472606894843920599669218063354492187500000, 0.086211069122760039529218545339972479268908500671386718750000, 0.978228658146056972988446887029567733407020568847656250000000, 0.209049287413741041730119718522473704069852828979492187500000, 2.713193655373002943775873063714243471622467041015625000000000
 0.001265194707185751232109138797454761515837162733078002929688,-0.205417623519541736598625902843195945024490356445312500000000, 0.029534595466141424363604173208841530140489339828491210937500, 0.978228658146056972988446887029567733407020568847656250000000, 0.209049287413741041730119718522473704069852828979492187500000, 2.998792987517529873287003283621743321418762207031250000000000
 0.001265194707185751232109138797454761515837162733078002929688,-0.205417623519541764354201518472109455615282058715820312500000,-0.029534595466141372321899893904628697782754898071289062500000, 0.978228658146056972988446887029567733407020568847656250000000, 0.209049287413741041730119718522473704069852828979492187500000, 3.284392319662055914619713803404010832309722900390625000000000
 0.001265194707185751232109138797454761515837162733078002929688,-0.188775909327635105228182510472834110260009765625000000000000,-0.086211069122759997895855121896602213382720947265625000000000, 0.978228658146056972988446887029567733407020568847656250000000, 0.209049287413741041730119718522473704069852828979492187500000, 3.569991651806582844130844023311510682106018066406250000000000
 0.001265194707185751232109138797454761515837162733078002929688,-0.156840693655564966668691795348422601819038391113281250000000,-0.135903234676022471871803531939804088324308395385742187500000, 0.978228658146056972988446887029567733407020568847656250000000, 0.209049287413741041730119718522473704069852828979492187500000, 3.855590983951109329552764393156394362449645996093750000000000
 0.001265194707185751232109138797454761515837162733078002929688,-0.112199177751041739847792655382363591343164443969726562500000,-0.174585328403491418791659839371277485042810440063476562500000, 0.978228658146056972988446887029567733407020568847656250000000, 0.209049287413741041730119718522473704069852828979492187500000, 4.141190316095636703153104463126510381698608398437500000000000
 0.001265194707185751232109138797454761515837162733078002929688,-0.058467951739332321703379591326665831729769706726074218750000,-0.199123557122636574145957411019480787217617034912109375000000, 0.978228658146056972988446887029567733407020568847656250000000, 0.209049287413741041730119718522473704069852828979492187500000, 4.426789648240163188575024832971394062042236328125000000000000
 0.001265194707185751232109138797454761515837162733078002929688,-0.000000000000000038122638764061633610951784476250981762420568,-0.207529979477098225348896676223375834524631500244140625000000, 0.978228658146056972988446887029567733407020568847656250000000, 0.209049287413741041730119718522473704069852828979492187500000, 4.712388980384689673996945202816277742385864257812500000000000
 0.001265194707185751232109138797454761515837162733078002929688, 0.058467951739332238436652744439925299957394599914550781250000,-0.199123557122636601901533026648394297808408737182617187500000, 0.978228658146056972988446887029567733407020568847656250000000, 0.209049287413741041730119718522473704069852828979492187500000, 4.997988312529216159418865572661161422729492187500000000000000
 0.001265194707185751232109138797454761515837162733078002929688, 0.112199177751041836992307310083560878410935401916503906250000,-0.174585328403491363280508608113450463861227035522460937500000, 0.978228658146056972988446887029567733407020568847656250000000, 0.209049287413741041730119718522473704069852828979492187500000, 5.283587644673743533019205642631277441978454589843750000000000
 0.001265194707185751232109138797454761515837162733078002929688, 0.156840693655564855646389332832768559455871582031250000000000,-0.135903234676022582894105994455458130687475204467773437500000, 0.978228658146056972988446887029567733407020568847656250000000, 0.209049287413741041730119718522473704069852828979492187500000, 5.569186976818269130262706312350928783416748046875000000000000
 0.001265194707185751232109138797454761515837162733078002929688, 0.188775909327635021961455663586093578487634658813476562500000,-0.086211069122760150551521007855626521632075309753417968750000, 0.978228658146056972988446887029567733407020568847656250000000, 0.209049287413741041730119718522473704069852828979492187500000, 5.854786308962795615684626682195812463760375976562500000000000
 0.001265194707185751232109138797454761515837162733078002929688, 0.205417623519541736598625902843195945024490356445312500000000,-0.029534595466141452119179788837755040731281042098999023437500, 0.978228658146056972988446887029567733407020568847656250000000, 0.209049287413741041730119718522473704069852828979492187500000, 6.140385641107322989284966752165928483009338378906250000000000
 0.000000000000000000000000000000000000000000000000000000000000, 0.000000000000000000000000000000000000000000000000000000000000, 0.000000000000000000000000000000000000000000000000000000000000, 1.000000000000000000000000000000000000000000000000000000000000, 0.000000000000000000000000000000000000000000000000000000000000, 0.000000000000000000000000000000000000000000000000000000000000
 0.000000000000000000000000000000000000000000000000000000000000, 0.000000000000000000000000000000000000000000000000000000000000, 0.000000000000000000000000000000000000000000000000000000000000,-1.000000000000000000000000000000000000000000000000000000000000, 3.141592653589793115997963468544185161590576171875000000000000, 0.000000000000000000000000000000000000000000000000000000000000
