# count
52
# w,cx,cy,cz,theta,phi
 0.011846344252809464306364084507094958098605275154113769531250, 0.402194690597150961153261050640139728784561157226562500000000, 0.130680976695314032820505190102267079055309295654296875000000,-0.906179845938663963700321346550481393933296203613281250000000, 2.704957704364271187102986004902049899101257324218750000000000, 0.314159265358979311599796346854418516159057617187500000000000
 0.011846344252809464306364084507094958098605275154113769531250, 0.248569988883787063027597241671173833310604095458984375000000, 0.342127238671365074829111563303740695118904113769531250000000,-0.906179845938663963700321346550481393933296203613281250000000, 2.704957704364271187102986004902049899101257324218750000000000, 0.942477796076937934799389040563255548477172851562500000000000
 0.011846344252809464306364084507094958098605275154113769531250, 0.000000000000000025894698792064360749523368269161839491139063, 0.422892523952102084017212746402947232127189636230468750000000,-0.906179845938663963700321346550481393933296203613281250000000, 2.704957704364271187102986004902049899101257324218750000000000, 1.570796326794896557998981734272092580795288085937500000000000
 0.011846344252809464306364084507094958098605275154113769531250,-0.248569988883787007516446010413346812129020690917968750000000, 0.342127238671365074829111563303740695118904113769531250000000,-0.906179845938663963700321346550481393933296203613281250000000, 2.704957704364271187102986004902049899101257324218750000000000, 2.199114857512855181198574427980929613113403320312500000000000
 0.011846344252809464306364084507094958098605275154113769531250,-0.402194690597150961153261050640139728784561157226562500000000, 0.130680976695314088331656421360094100236892700195312500000000,-0.906179845938663963700321346550481393933296203613281250000000, 2.704957704364271187102986004902049899101257324218750000000000, 2.827433388230813804398167121689766645431518554687500000000000
 0.011846344252809464306364084507094958098605275154113769531250,-0.402194690597151072175563513155793771147727966308593750000000,-0.130680976695313838531475880699872504919767379760742187500000,-0.906179845938663963700321346550481393933296203613281250000000, 2.704957704364271187102986004902049899101257324218750000000000, 3.455751918948771983508549965335987508296966552734375000000000
 0.011846344252809464306364084507094958098605275154113769531250,-0.248569988883787118538748472929000854492187500000000000000000,-0.342127238671365074829111563303740695118904113769531250000000,-0.906179845938663963700321346550481393933296203613281250000000, 2.704957704364271187102986004902049899101257324218750000000000, 4.084070449666731050797352509107440710067749023437500000000000
 0.011846344252809464306364084507094958098605275154113769531250,-0.000000000000000077684096376193082248570104807485518473417189,-0.422892523952102084017212746402947232127189636230468750000000,-0.906179845938663963700321346550481393933296203613281250000000, 2.704957704364271187102986004902049899101257324218750000000000, 4.712388980384689673996945202816277742385864257812500000000000
 0.011846344252809464306364084507094958098605275154113769531250, 0.248569988883786979760870394784433301538228988647460937500000,-0.342127238671365130340262794561567716300487518310546875000000,-0.906179845938663963700321346550481393933296203613281250000000, 2.704957704364271187102986004902049899101257324218750000000000, 5.340707511102648297196537896525114774703979492187500000000000
 0.011846344252809464306364084507094958098605275154113769531250, 0.402194690597150961153261050640139728784561157226562500000000,-0.130680976695314143842807652617921121418476104736328125000000,-0.906179845938663963700321346550481393933296203613281250000000, 2.704957704364271187102986004902049899101257324218750000000000, 5.969026041820606920396130590233951807022094726562500000000000
 0.023931433524968299952906392036311444826424121856689453125000, 0.801403134452938203935445926617830991744995117187500000000000, 0.260391663006547646741495327660231851041316986083984375000000,-0.538469310105683107714469315396854653954505920410156250000000, 2.139415849946671777104256761958822607994079589843750000000000, 0.314159265358979311599796346854418516159057617187500000000000
 0.023931433524968299952906392036311444826424121856689453125000, 0.495294375782617757320025475564762018620967864990234375000000, 0.681714224138250557416540686972439289093017578125000000000000,-0.538469310105683107714469315396854653954505920410156250000000, 2.139415849946671777104256761958822607994079589843750000000000, 0.942477796076937934799389040563255548477172851562500000000000
 0.023931433524968299952906392036311444826424121856689453125000, 0.000000000000000051597132589850488078160009769864574698303704, 0.842645122263405599305485793593106791377067565917968750000000,-0.538469310105683107714469315396854653954505920410156250000000, 2.139415849946671777104256761958822607994079589843750000000000, 1.570796326794896557998981734272092580795288085937500000000000
 0.023931433524968299952906392036311444826424121856689453125000,-0.495294375782617646297723013049107976257801055908203125000000, 0.681714224138250557416540686972439289093017578125000000000000,-0.538469310105683107714469315396854653954505920410156250000000, 2.139415849946671777104256761958822607994079589843750000000000, 2.199114857512855181198574427980929613113403320312500000000000
 0.023931433524968299952906392036311444826424121856689453125000,-0.801403134452938203935445926617830991744995117187500000000000, 0.260391663006547757763797790175885893404483795166015625000000,-0.538469310105683107714469315396854653954505920410156250000000, 2.139415849946671777104256761958822607994079589843750000000000, 2.827433388230813804398167121689766645431518554687500000000000
 0.023931433524968299952906392036311444826424121856689453125000,-0.801403134452938425980050851649139076471328735351562500000000,-0.260391663006547258163436708855442702770233154296875000000000,-0.538469310105683107714469315396854653954505920410156250000000, 2.139415849946671777104256761958822607994079589843750000000000, 3.455751918948771983508549965335987508296966552734375000000000
 0.023931433524968299952906392036311444826424121856689453125000,-0.495294375782617812831176706822589039802551269531250000000000,-0.681714224138250446394238224456785246729850769042968750000000,-0.538469310105683107714469315396854653954505920410156250000000, 2.139415849946671777104256761958822607994079589843750000000000, 4.084070449666731050797352509107440710067749023437500000000000
 0.023931433524968299952906392036311444826424121856689453125000,-0.000000000000000154791397769551445745552563192129534757522863,-0.842645122263405599305485793593106791377067565917968750000000,-0.538469310105683107714469315396854653954505920410156250000000, 2.139415849946671777104256761958822607994079589843750000000000, 4.712388980384689673996945202816277742385864257812500000000000
 0.023931433524968299952906392036311444826424121856689453125000, 0.495294375782617535275420550533453933894634246826171875000000,-0.681714224138250557416540686972439289093017578125000000000000,-0.538469310105683107714469315396854653954505920410156250000000, 2.139415849946671777104256761958822607994079589843750000000000, 5.340707511102648297196537896525114774703979492187500000000000
 0.023931433524968299952906392036311444826424121856689453125000, 0.801403134452938203935445926617830991744995117187500000000000,-0.260391663006547868786100252691539935767650604248046875000000,-0.538469310105683107714469315396854653954505920410156250000000, 2.139415849946671777104256761958822607994079589843750000000000, 5.969026041820606920396130590233951807022094726562500000000000
 0.028444444444444431929763794641985441558063030242919921875000, 0.951056516295153531181938433292089030146598815917968750000000, 0.309016994374947395751718204337521456182003021240234375000000, 0.000000000000000000000000000000000000000000000000000000000000, 1.570796326794896557998981734272092580795288085937500000000000, 0.314159265358979311599796346854418516159057617187500000000000
 0.028444444444444431929763794641985441558063030242919921875000, 0.587785252292473137103456792829092592000961303710937500000000, 0.809016994374947451262869435595348477363586425781250000000000, 0.000000000000000000000000000000000000000000000000000000000000, 1.570796326794896557998981734272092580795288085937500000000000, 0.942477796076937934799389040563255548477172851562500000000000
 0.028444444444444431929763794641985441558063030242919921875000, 0.000000000000000061232339957367660358688201472919830231284606, 1.000000000000000000000000000000000000000000000000000000000000, 0.000000000000000000000000000000000000000000000000000000000000, 1.570796326794896557998981734272092580795288085937500000000000, 1.570796326794896557998981734272092580795288085937500000000000
 0.028444444444444431929763794641985441558063030242919921875000,-0.587785252292473026081154330313438549637794494628906250000000, 0.809016994374947451262869435595348477363586425781250000000000, 0.000000000000000000000000000000000000000000000000000000000000, 1.570796326794896557998981734272092580795288085937500000000000, 2.199114857512855181198574427980929613113403320312500000000000
 0.028444444444444431929763794641985441558063030242919921875000,-0.951056516295153531181938433292089030146598815917968750000000, 0.309016994374947506774020666853175498545169830322265625000000, 0.000000000000000000000000000000000000000000000000000000000000, 1.570796326794896557998981734272092580795288085937500000000000, 2.827433388230813804398167121689766645431518554687500000000000
 0.028444444444444431929763794641985441558063030242919921875000,-0.951056516295153753226543358323397114872932434082031250000000,-0.309016994374946896151357123017078265547752380371093750000000, 0.000000000000000000000000000000000000000000000000000000000000, 1.570796326794896557998981734272092580795288085937500000000000, 3.455751918948771539419340115273371338844299316406250000000000
 0.028444444444444431929763794641985441558063030242919921875000,-0.587785252292473248125759255344746634364128112792968750000000,-0.809016994374947340240566973079694435000419616699218750000000, 0.000000000000000000000000000000000000000000000000000000000000, 1.570796326794896557998981734272092580795288085937500000000000, 4.084070449666731050797352509107440710067749023437500000000000
 0.028444444444444431929763794641985441558063030242919921875000,-0.000000000000000183697019872102968750112960340450031135594986,-1.000000000000000000000000000000000000000000000000000000000000, 0.000000000000000000000000000000000000000000000000000000000000, 1.570796326794896557998981734272092580795288085937500000000000, 4.712388980384689673996945202816277742385864257812500000000000
 0.028444444444444431929763794641985441558063030242919921875000, 0.587785252292472915058851867797784507274627685546875000000000,-0.809016994374947562285171898111002519726753234863281250000000, 0.000000000000000000000000000000000000000000000000000000000000, 1.570796326794896557998981734272092580795288085937500000000000, 5.340707511102648297196537896525114774703979492187500000000000
 0.028444444444444431929763794641985441558063030242919921875000, 0.951056516295153531181938433292089030146598815917968750000000,-0.309016994374947617796323129368829540908336639404296875000000, 0.000000000000000000000000000000000000000000000000000000000000, 1.570796326794896557998981734272092580795288085937500000000000, 5.969026041820606920396130590233951807022094726562500000000000
 0.023931433524968299952906392036311444826424121856689453125000, 0.801403134452938203935445926617830991744995117187500000000000, 0.260391663006547646741495327660231851041316986083984375000000, 0.538469310105683107714469315396854653954505920410156250000000, 1.002176803643121560938311631616670638322830200195312500000000, 0.314159265358979311599796346854418516159057617187500000000000
 0.023931433524968299952906392036311444826424121856689453125000, 0.495294375782617757320025475564762018620967864990234375000000, 0.681714224138250557416540686972439289093017578125000000000000, 0.538469310105683107714469315396854653954505920410156250000000, 1.002176803643121560938311631616670638322830200195312500000000, 0.942477796076937934799389040563255548477172851562500000000000
 0.023931433524968299952906392036311444826424121856689453125000, 0.000000000000000051597132589850488078160009769864574698303704, 0.842645122263405599305485793593106791377067565917968750000000, 0.538469310105683107714469315396854653954505920410156250000000, 1.002176803643121560938311631616670638322830200195312500000000, 1.570796326794896557998981734272092580795288085937500000000000
 0.023931433524968299952906392036311444826424121856689453125000,-0.495294375782617646297723013049107976257801055908203125000000, 0.681714224138250557416540686972439289093017578125000000000000, 0.538469310105683107714469315396854653954505920410156250000000, 1.002176803643121560938311631616670638322830200195312500000000, 2.199114857512855181198574427980929613113403320312500000000000
 0.023931433524968299952906392036311444826424121856689453125000,-0.801403134452938203935445926617830991744995117187500000000000, 0.260391663006547757763797790175885893404483795166015625000000, 0.538469310105683107714469315396854653954505920410156250000000, 1.002176803643121560938311631616670638322830200195312500000000, 2.827433388230813804398167121689766645431518554687500000000000
 0.023931433524968299952906392036311444826424121856689453125000,-0.801403134452938425980050851649139076471328735351562500000000,-0.260391663006547258163436708855442702770233154296875000000000, 0.538469310105683107714469315396854653954505920410156250000000, 1.002176803643121560938311631616670638322830200195312500000000, 3.455751918948771983508549965335987508296966552734375000000000
 0.023931433524968299952906392036311444826424121856689453125000,-0.495294375782617812831176706822589039802551269531250000000000,-0.681714224138250446394238224456785246729850769042968750000000, 0.538469310105683107714469315396854653954505920410156250000000, 1.002176803643121560938311631616670638322830200195312500000000, 4.084070449666731050797352509107440710067749023437500000000000
 0.023931433524968299952906392036311444826424121856689453125000,-0.000000000000000154791397769551445745552563192129534757522863,-0.842645122263405599305485793593106791377067565917968750000000, 0.538469310105683107714469315396854653954505920410156250000000, 1.002176803643121560938311631616670638322830200195312500000000, 4.712388980384689673996945202816277742385864257812500000000000
 0.023931433524968299952906392036311444826424121856689453125000, 0.495294375782617535275420550533453933894634246826171875000000,-0.681714224138250557416540686972439289093017578125000000000000, 0.538469310105683107714469315396854653954505920410156250000000, 1.002176803643121560938311631616670638322830200195312500000000, 5.340707511102648297196537896525114774703979492187500000000000
 0.023931433524968299952906392036311444826424121856689453125000, 0.801403134452938203935445926617830991744995117187500000000000,-0.260391663006547868786100252691539935767650604248046875000000, 0.538469310105683107714469315396854653954505920410156250000000, 1.002176803643121560938311631616670638322830200195312500000000, 5.969026041820606920396130590233951807022094726562500000000000
 0.011846344252809464306364084507094958098605275154113769531250, 0.402194690597150961153261050640139728784561157226562500000000, 0.130680976695314032820505190102267079055309295654296875000000, 0.906179845938663963700321346550481393933296203613281250000000, 0.436634949225522206450733619931270368397235870361328125000000, 0.314159265358979311599796346854418516159057617187500000000000
 0.011846344252809464306364084507094958098605275154113769531250, 0.248569988883787063027597241671173833310604095458984375000000, 0.342127238671365074829111563303740695118904113769531250000000, 0.906179845938663963700321346550481393933296203613281250000000, 0.436634949225522206450733619931270368397235870361328125000000, 0.942477796076937934799389040563255548477172851562500000000000
 0.011846344252809464306364084507094958098605275154113769531250, 0.000000000000000025894698792064360749523368269161839491139063, 0.422892523952102084017212746402947232127189636230468750000000, 0.906179845938663963700321346550481393933296203613281250000000, 0.436634949225522206450733619931270368397235870361328125000000, 1.570796326794896557998981734272092580795288085937500000000000
 0.011846344252809464306364084507094958098605275154113769531250,-0.248569988883787007516446010413346812129020690917968750000000, 0.342127238671365074829111563303740695118904113769531250000000, 0.906179845938663963700321346550481393933296203613281250000000, 0.436634949225522206450733619931270368397235870361328125000000, 2.199114857512855181198574427980929613113403320312500000000000
 0.011846344252809464306364084507094958098605275154113769531250,-0.402194690597150961153261050640139728784561157226562500000000, 0.130680976695314088331656421360094100236892700195312500000000, 0.906179845938663963700321346550481393933296203613281250000000, 0.436634949225522206450733619931270368397235870361328125000000, 2.827433388230813804398167121689766645431518554687500000000000
 0.011846344252809464306364084507094958098605275154113769531250,-0.402194690597151072175563513155793771147727966308593750000000,-0.130680976695313838531475880699872504919767379760742187500000, 0.906179845938663963700321346550481393933296203613281250000000, 0.436634949225522206450733619931270368397235870361328125000000, 3.455751918948771983508549965335987508296966552734375000000000
 0.011846344252809464306364084507094958098605275154113769531250,-0.248569988883787118538748472929000854492187500000000000000000,-0.342127238671365074829111563303740695118904113769531250000000, 0.906179845938663963700321346550481393933296203613281250000000, 0.436634949225522206450733619931270368397235870361328125000000, 4.084070449666731050797352509107440710067749023437500000000000
 0.011846344252809464306364084507094958098605275154113769531250,-0.000000000000000077684096376193082248570104807485518473417189,-0.422892523952102084017212746402947232127189636230468750000000, 0.906179845938663963700321346550481393933296203613281250000000, 0.436634949225522206450733619931270368397235870361328125000000, 4.712388980384689673996945202816277742385864257812500000000000
 0.011846344252809464306364084507094958098605275154113769531250, 0.248569988883786979760870394784433301538228988647460937500000,-0.342127238671365130340262794561567716300487518310546875000000, 0.906179845938663963700321346550481393933296203613281250000000, 0.436634949225522206450733619931270368397235870361328125000000, 5.340707511102648297196537896525114774703979492187500000000000
 0.011846344252809464306364084507094958098605275154113769531250, 0.402194690597150961153261050640139728784561157226562500000000,-0.130680976695314143842807652617921121418476104736328125000000, 0.906179845938663963700321346550481393933296203613281250000000, 0.436634949225522206450733619931270368397235870361328125000000, 5.969026041820606920396130590233951807022094726562500000000000
 0.000000000000000000000000000000000000000000000000000000000000, 0.000000000000000000000000000000000000000000000000000000000000, 0.000000000000000000000000000000000000000000000000000000000000, 1.000000000000000000000000000000000000000000000000000000000000, 0.000000000000000000000000000000000000000000000000000000000000, 0.000000000000000000000000000000000000000000000000000000000000
 0.000000000000000000000000000000000000000000000000000000000000, 0.000000000000000000000000000000000000000000000000000000000000, 0.000000000000000000000000000000000000000000000000000000000000,-1.000000000000000000000000000000000000000000000000000000000000, 3.141592653589793115997963468544185161590576171875000000000000, 0.000000000000000000000000000000000000000000000000000000000000
