# count
164
# w,cx,cy,cz,theta,phi
 0.002257621898932634513235129247732402291148900985717773437500, 0.246528187116300090409026779525447636842727661132812500000000, 0.043469570893748685214141858068614965304732322692871093750000,-0.968160239507626085853075892373453825712203979492187500000000, 2.888570236977862748517509317025542259216308593750000000000000, 0.174532925199432947804822902071464341133832931518554687500000
 0.002257621898932634513235129247732402291148900985717773437500, 0.216793249381529634645104920309677254408597946166992187500000, 0.125165640888919765805198380803631152957677841186523437500000,-0.968160239507626085853075892373453825712203979492187500000000, 2.888570236977862748517509317025542259216308593750000000000000, 0.523598775598298704636590628069825470447540283203125000000000
 0.002257621898932634513235129247732402291148900985717773437500, 0.160909846243745047189577235258184373378753662109375000000000, 0.191764887344765100340993058125604875385761260986328125000000,-0.968160239507626085853075892373453825712203979492187500000000, 2.888570236977862748517509317025542259216308593750000000000000, 0.872664625997164766779690125986235216259956359863281250000000
 0.002257621898932634513235129247732402291148900985717773437500, 0.085618340872555084852812967710633529350161552429199218750000, 0.235234458238513771677347108379763085395097732543945312500000,-0.968160239507626085853075892373453825712203979492187500000000, 2.888570236977862748517509317025542259216308593750000000000000, 1.221730476396030606878184698871336877346038818359375000000000
 0.002257621898932634513235129247732402291148900985717773437500, 0.000000000000000015328370147784269877087001752009467193209212, 0.250331281777839587121547992865089327096939086914062500000000,-0.968160239507626085853075892373453825712203979492187500000000, 2.888570236977862748517509317025542259216308593750000000000000, 1.570796326794896557998981734272092580795288085937500000000000
 0.002257621898932634513235129247732402291148900985717773437500,-0.085618340872555001586086120823892997577786445617675781250000, 0.235234458238513799432922724008676595985889434814453125000000,-0.968160239507626085853075892373453825712203979492187500000000, 2.888570236977862748517509317025542259216308593750000000000000, 1.919862177193762287075173844641540199518203735351562500000000
 0.002257621898932634513235129247732402291148900985717773437500,-0.160909846243745047189577235258184373378753662109375000000000, 0.191764887344765100340993058125604875385761260986328125000000,-0.968160239507626085853075892373453825712203979492187500000000, 2.888570236977862748517509317025542259216308593750000000000000, 2.268928027592628460240575805073603987693786621093750000000000
 0.002257621898932634513235129247732402291148900985717773437500,-0.216793249381529579133953689051850233227014541625976562500000, 0.125165640888919876827500843319285195320844650268554687500000,-0.968160239507626085853075892373453825712203979492187500000000, 2.888570236977862748517509317025542259216308593750000000000000, 2.617993877991493967272162990411743521690368652343750000000000
 0.002257621898932634513235129247732402291148900985717773437500,-0.246528187116300090409026779525447636842727661132812500000000, 0.043469570893748671336354050254158210009336471557617187500000,-0.968160239507626085853075892373453825712203979492187500000000, 2.888570236977862748517509317025542259216308593750000000000000, 2.967059728390360362482169875875115394592285156250000000000000
 0.002257621898932634513235129247732402291148900985717773437500,-0.246528187116300118164602395154361147433519363403320312500000,-0.043469570893748608886308915089102811180055141448974609375000,-0.968160239507626085853075892373453825712203979492187500000000, 2.888570236977862748517509317025542259216308593750000000000000, 3.316125578789225425424547211150638759136199951171875000000000
 0.002257621898932634513235129247732402291148900985717773437500,-0.216793249381529606889529304680763743817806243896484375000000,-0.125165640888919821316349612061458174139261245727539062500000,-0.968160239507626085853075892373453825712203979492187500000000, 2.888570236977862748517509317025542259216308593750000000000000, 3.665191429188091820634554096614010632038116455078125000000000
 0.002257621898932634513235129247732402291148900985717773437500,-0.160909846243745074945152850887097883969545364379882812500000,-0.191764887344765072585417442496691364794969558715820312500000,-0.968160239507626085853075892373453825712203979492187500000000, 2.888570236977862748517509317025542259216308593750000000000000, 4.014257279586957771755351132014766335487365722656250000000000
 0.002257621898932634513235129247732402291148900985717773437500,-0.085618340872555015463873928638349752873182296752929687500000,-0.235234458238513799432922724008676595985889434814453125000000,-0.968160239507626085853075892373453825712203979492187500000000, 2.888570236977862748517509317025542259216308593750000000000000, 4.363323129985824166965358017478138208389282226562500000000000
 0.002257621898932634513235129247732402291148900985717773437500,-0.000000000000000045985110443352803468285183216873671800498220,-0.250331281777839587121547992865089327096939086914062500000000,-0.968160239507626085853075892373453825712203979492187500000000, 2.888570236977862748517509317025542259216308593750000000000000, 4.712388980384689673996945202816277742385864257812500000000000
 0.002257621898932634513235129247732402291148900985717773437500, 0.085618340872555126486176391154003795236349105834960937500000,-0.235234458238513771677347108379763085395097732543945312500000,-0.968160239507626085853075892373453825712203979492187500000000, 2.888570236977862748517509317025542259216308593750000000000000, 5.061454830783556069206952088279649615287780761718750000000000
 0.002257621898932634513235129247732402291148900985717773437500, 0.160909846243745019434001619629270862787961959838867187500000,-0.191764887344765128096568673754518385976552963256835937500000,-0.968160239507626085853075892373453825712203979492187500000000, 2.888570236977862748517509317025542259216308593750000000000000, 5.410520681182421576238539273617789149284362792968750000000000
 0.002257621898932634513235129247732402291148900985717773437500, 0.216793249381529662400680535938590764999389648437500000000000,-0.125165640888919710294047149545804131776094436645507812500000,-0.968160239507626085853075892373453825712203979492187500000000, 2.888570236977862748517509317025542259216308593750000000000000, 5.759586531581287971448546159081161022186279296875000000000000
 0.002257621898932634513235129247732402291148900985717773437500, 0.246528187116300090409026779525447636842727661132812500000000,-0.043469570893748699091929665883071720600128173828125000000000,-0.968160239507626085853075892373453825712203979492187500000000, 2.888570236977862748517509317025542259216308593750000000000000, 6.108652381980153478480133344419300556182861328125000000000000
 0.005018004463746038486260392375015726429410278797149658203125, 0.540346332820961561260730832145782187581062316894531250000000, 0.095277637403211476452291606165090342983603477478027343750000,-0.836031107326635769538825115887448191642761230468750000000000, 2.560805674083786787065264434204436838626861572265625000000000, 0.174532925199432947804822902071464341133832931518554687500000
 0.005018004463746038486260392375015726429410278797149658203125, 0.475172590420206597539021231568767689168453216552734375000000, 0.274341022990638006007202420732937753200531005859375000000000,-0.836031107326635769538825115887448191642761230468750000000000, 2.560805674083786787065264434204436838626861572265625000000000, 0.523598775598298815658893090585479512810707092285156250000000
 0.005018004463746038486260392375015726429410278797149658203125, 0.352686020814224343578047182745649479329586029052734375000000, 0.420314832363108181745303681964287534356117248535156250000000,-0.836031107326635769538825115887448191642761230468750000000000, 2.560805674083786787065264434204436838626861572265625000000000, 0.872664625997164766779690125986235216259956359863281250000000
 0.005018004463746038486260392375015726429410278797149658203125, 0.187660312006737273193834880657959729433059692382812500000000, 0.515592469766319561053080633428180590271949768066406250000000,-0.836031107326635769538825115887448191642761230468750000000000, 2.560805674083786787065264434204436838626861572265625000000000, 1.221730476396030606878184698871336877346038818359375000000000
 0.005018004463746038486260392375015726429410278797149658203125, 0.000000000000000033597085568029532413170549498497442843686405, 0.548682045981276123036707303981529548764228820800781250000000,-0.836031107326635769538825115887448191642761230468750000000000, 2.560805674083786787065264434204436838626861572265625000000000, 1.570796326794896557998981734272092580795288085937500000000000
 0.005018004463746038486260392375015726429410278797149658203125,-0.187660312006737078904805571255565155297517776489257812500000, 0.515592469766319672075383095943834632635116577148437500000000,-0.836031107326635769538825115887448191642761230468750000000000, 2.560805674083786787065264434204436838626861572265625000000000, 1.919862177193762287075173844641540199518203735351562500000000
 0.005018004463746038486260392375015726429410278797149658203125,-0.352686020814224343578047182745649479329586029052734375000000, 0.420314832363108181745303681964287534356117248535156250000000,-0.836031107326635769538825115887448191642761230468750000000000, 2.560805674083786787065264434204436838626861572265625000000000, 2.268928027592628460240575805073603987693786621093750000000000
 0.005018004463746038486260392375015726429410278797149658203125,-0.475172590420206486516718769053113646805286407470703125000000, 0.274341022990638228051807345764245837926864624023437500000000,-0.836031107326635769538825115887448191642761230468750000000000, 2.560805674083786787065264434204436838626861572265625000000000, 2.617993877991493967272162990411743521690368652343750000000000
 0.005018004463746038486260392375015726429410278797149658203125,-0.540346332820961561260730832145782187581062316894531250000000, 0.095277637403211448696715990536176832392811775207519531250000,-0.836031107326635769538825115887448191642761230468750000000000, 2.560805674083786787065264434204436838626861572265625000000000, 2.967059728390360362482169875875115394592285156250000000000000
 0.005018004463746038486260392375015726429410278797149658203125,-0.540346332820961561260730832145782187581062316894531250000000,-0.095277637403211309918837912391609279438853263854980468750000,-0.836031107326635769538825115887448191642761230468750000000000, 2.560805674083786787065264434204436838626861572265625000000000, 3.316125578789225425424547211150638759136199951171875000000000
 0.005018004463746038486260392375015726429410278797149658203125,-0.475172590420206542027870000310940667986869812011718750000000,-0.274341022990638117029504883248591795563697814941406250000000,-0.836031107326635769538825115887448191642761230468750000000000, 2.560805674083786787065264434204436838626861572265625000000000, 3.665191429188091820634554096614010632038116455078125000000000
 0.005018004463746038486260392375015726429410278797149658203125,-0.352686020814224399089198414003476500511169433593750000000000,-0.420314832363108070723001219448633491992950439453125000000000,-0.836031107326635769538825115887448191642761230468750000000000, 2.560805674083786787065264434204436838626861572265625000000000, 4.014257279586957771755351132014766335487365722656250000000000
 0.005018004463746038486260392375015726429410278797149658203125,-0.187660312006737106660381186884478665888309478759765625000000,-0.515592469766319672075383095943834632635116577148437500000000,-0.836031107326635769538825115887448191642761230468750000000000, 2.560805674083786787065264434204436838626861572265625000000000, 4.363323129985824166965358017478138208389282226562500000000000
 0.005018004463746038486260392375015726429410278797149658203125,-0.000000000000000100791256704088591076535826456337598751929800,-0.548682045981276123036707303981529548764228820800781250000000,-0.836031107326635769538825115887448191642761230468750000000000, 2.560805674083786787065264434204436838626861572265625000000000, 4.712388980384689673996945202816277742385864257812500000000000
 0.005018004463746038486260392375015726429410278797149658203125, 0.187660312006737356460561727544700261205434799194335937500000,-0.515592469766319561053080633428180590271949768066406250000000,-0.836031107326635769538825115887448191642761230468750000000000, 2.560805674083786787065264434204436838626861572265625000000000, 5.061454830783556069206952088279649615287780761718750000000000
 0.005018004463746038486260392375015726429410278797149658203125, 0.352686020814224288066895951487822458148002624511718750000000,-0.420314832363108237256454913222114555537700653076171875000000,-0.836031107326635769538825115887448191642761230468750000000000, 2.560805674083786787065264434204436838626861572265625000000000, 5.410520681182421576238539273617789149284362792968750000000000
 0.005018004463746038486260392375015726429410278797149658203125, 0.475172590420206708561323694084421731531620025634765625000000,-0.274341022990637894984899958217283710837364196777343750000000,-0.836031107326635769538825115887448191642761230468750000000000, 2.560805674083786787065264434204436838626861572265625000000000, 5.759586531581287971448546159081161022186279296875000000000000
 0.005018004463746038486260392375015726429410278797149658203125, 0.540346332820961561260730832145782187581062316894531250000000,-0.095277637403211504207867221794003853574395179748535156250000,-0.836031107326635769538825115887448191642761230468750000000000, 2.560805674083786787065264434204436838626861572265625000000000, 6.108652381980153478480133344419300556182861328125000000000000
 0.007239186011192668204761169192806846695020794868469238281250, 0.777795830003711108346919900213833898305892944335937500000000, 0.137146390312188865001630233564355876296758651733398437500000,-0.613371432700590357711689648567698895931243896484375000000000, 2.231118624363646052444209999521262943744659423828125000000000, 0.174532925199432947804822902071464341133832931518554687500000
 0.007239186011192668204761169192806846695020794868469238281250, 0.683982173861365283507041112898150458931922912597656250000000, 0.394897292199764604614387053516111336648464202880859375000000,-0.613371432700590357711689648567698895931243896484375000000000, 2.231118624363646052444209999521262943744659423828125000000000, 0.523598775598298815658893090585479512810707092285156250000000
 0.007239186011192668204761169192806846695020794868469238281250, 0.507670173049547202026587910950183868408203125000000000000000, 0.605017752584722123820881733990972861647605895996093750000000,-0.613371432700590357711689648567698895931243896484375000000000, 2.231118624363646052444209999521262943744659423828125000000000, 0.872664625997164766779690125986235216259956359863281250000000
 0.007239186011192668204761169192806846695020794868469238281250, 0.270125656954164072853785683037131093442440032958984375000000, 0.742164142896911016578087583184242248535156250000000000000000,-0.613371432700590357711689648567698895931243896484375000000000, 2.231118624363646052444209999521262943744659423828125000000000, 1.221730476396030606878184698871336877346038818359375000000000
 0.007239186011192668204761169192806846695020794868469238281250, 0.000000000000000048360970488439884351511085714977865786938961, 0.789794584399529320251076569547876715660095214843750000000000,-0.613371432700590357711689648567698895931243896484375000000000, 2.231118624363646052444209999521262943744659423828125000000000, 1.570796326794896557998981734272092580795288085937500000000000
 0.007239186011192668204761169192806846695020794868469238281250,-0.270125656954163795298029526747995987534523010253906250000000, 0.742164142896911016578087583184242248535156250000000000000000,-0.613371432700590357711689648567698895931243896484375000000000, 2.231118624363646052444209999521262943744659423828125000000000, 1.919862177193762287075173844641540199518203735351562500000000
 0.007239186011192668204761169192806846695020794868469238281250,-0.507670173049547202026587910950183868408203125000000000000000, 0.605017752584722123820881733990972861647605895996093750000000,-0.613371432700590357711689648567698895931243896484375000000000, 2.231118624363646052444209999521262943744659423828125000000000, 2.268928027592628460240575805073603987693786621093750000000000
 0.007239186011192668204761169192806846695020794868469238281250,-0.683982173861365172484738650382496416568756103515625000000000, 0.394897292199764937681294441063073463737964630126953125000000,-0.613371432700590357711689648567698895931243896484375000000000, 2.231118624363646052444209999521262943744659423828125000000000, 2.617993877991493967272162990411743521690368652343750000000000
 0.007239186011192668204761169192806846695020794868469238281250,-0.777795830003711108346919900213833898305892944335937500000000, 0.137146390312188837246054617935442365705966949462890625000000,-0.613371432700590357711689648567698895931243896484375000000000, 2.231118624363646052444209999521262943744659423828125000000000, 2.967059728390360362482169875875115394592285156250000000000000
 0.007239186011192668204761169192806846695020794868469238281250,-0.777795830003711219369222362729487940669059753417968750000000,-0.137146390312188615201449692904134280979633331298828125000000,-0.613371432700590357711689648567698895931243896484375000000000, 2.231118624363646052444209999521262943744659423828125000000000, 3.316125578789225425424547211150638759136199951171875000000000
 0.007239186011192668204761169192806846695020794868469238281250,-0.683982173861365283507041112898150458931922912597656250000000,-0.394897292199764771147840747289592400193214416503906250000000,-0.613371432700590357711689648567698895931243896484375000000000, 2.231118624363646052444209999521262943744659423828125000000000, 3.665191429188091820634554096614010632038116455078125000000000
 0.007239186011192668204761169192806846695020794868469238281250,-0.507670173049547313048890373465837910771369934082031250000000,-0.605017752584722012798579271475318819284439086914062500000000,-0.613371432700590357711689648567698895931243896484375000000000, 2.231118624363646052444209999521262943744659423828125000000000, 4.014257279586957771755351132014766335487365722656250000000000
 0.007239186011192668204761169192806846695020794868469238281250,-0.270125656954163850809180758005823008716106414794921875000000,-0.742164142896911016578087583184242248535156250000000000000000,-0.613371432700590357711689648567698895931243896484375000000000, 2.231118624363646052444209999521262943744659423828125000000000, 4.363323129985824166965358017478138208389282226562500000000000
 0.007239186011192668204761169192806846695020794868469238281250,-0.000000000000000145082911465319634565605791027469408023428633,-0.789794584399529320251076569547876715660095214843750000000000,-0.613371432700590357711689648567698895931243896484375000000000, 2.231118624363646052444209999521262943744659423828125000000000, 4.712388980384689673996945202816277742385864257812500000000000
 0.007239186011192668204761169192806846695020794868469238281250, 0.270125656954164183876088145552785135805606842041015625000000,-0.742164142896911016578087583184242248535156250000000000000000,-0.613371432700590357711689648567698895931243896484375000000000, 2.231118624363646052444209999521262943744659423828125000000000, 5.061454830783556069206952088279649615287780761718750000000000
 0.007239186011192668204761169192806846695020794868469238281250, 0.507670173049547091004285448434529826045036315917968750000000,-0.605017752584722234843184196506626904010772705078125000000000,-0.613371432700590357711689648567698895931243896484375000000000, 2.231118624363646052444209999521262943744659423828125000000000, 5.410520681182421576238539273617789149284362792968750000000000
 0.007239186011192668204761169192806846695020794868469238281250, 0.683982173861365394529343575413804501295089721679687500000000,-0.394897292199764382569782128484803251922130584716796875000000,-0.613371432700590357711689648567698895931243896484375000000000, 2.231118624363646052444209999521262943744659423828125000000000, 5.759586531581287971448546159081161022186279296875000000000000
 0.007239186011192668204761169192806846695020794868469238281250, 0.777795830003711108346919900213833898305892944335937500000000,-0.137146390312188920512781464822182897478342056274414062500000,-0.613371432700590357711689648567698895931243896484375000000000, 2.231118624363646052444209999521262943744659423828125000000000, 6.108652381980153478480133344419300556182861328125000000000000
 0.008676307695555647223062400996695942012593150138854980468750, 0.931598838154198638505931739928200840950012207031250000000000, 0.164266010363243758485296552862564567476511001586914062500000,-0.324253423403808915814749980199849233031272888183593750000000, 1.901018730185429772561178651812952011823654174804687500000000, 0.174532925199432947804822902071464341133832931518554687500000
 0.008676307695555647223062400996695942012593150138854980468750, 0.819234269338253939807259484950918704271316528320312500000000, 0.472985125931807193211398043786175549030303955078125000000000,-0.324253423403808915814749980199849233031272888183593750000000, 1.901018730185429772561178651812952011823654174804687500000000, 0.523598775598298815658893090585479512810707092285156250000000
 0.008676307695555647223062400996695942012593150138854980468750, 0.608057957029986329011705947777954861521720886230468750000000, 0.724655254795981917936842364724725484848022460937500000000000,-0.324253423403808915814749980199849233031272888183593750000000, 1.901018730185429772561178651812952011823654174804687500000000, 0.872664625997164766779690125986235216259956359863281250000000
 0.008676307695555647223062400996695942012593150138854980468750, 0.323540881124212476027679485923727042973041534423828125000000, 0.888921265159225648666563301958376541733741760253906250000000,-0.324253423403808915814749980199849233031272888183593750000000, 1.901018730185429772561178651812952011823654174804687500000000, 1.221730476396030606878184698871336877346038818359375000000000
 0.008676307695555647223062400996695942012593150138854980468750, 0.000000000000000057923972051669553326709815944656481191590074, 0.945970251863614497445098550088005140423774719238281250000000,-0.324253423403808915814749980199849233031272888183593750000000, 1.901018730185429772561178651812952011823654174804687500000000, 1.570796326794896557998981734272092580795288085937500000000000
 0.008676307695555647223062400996695942012593150138854980468750,-0.323540881124212142960772098376764915883541107177734375000000, 0.888921265159225759688865764474030584096908569335937500000000,-0.324253423403808915814749980199849233031272888183593750000000, 1.901018730185429772561178651812952011823654174804687500000000, 1.919862177193762287075173844641540199518203735351562500000000
 0.008676307695555647223062400996695942012593150138854980468750,-0.608057957029986329011705947777954861521720886230468750000000, 0.724655254795981917936842364724725484848022460937500000000000,-0.324253423403808915814749980199849233031272888183593750000000, 1.901018730185429772561178651812952011823654174804687500000000, 2.268928027592628460240575805073603987693786621093750000000000
 0.008676307695555647223062400996695942012593150138854980468750,-0.819234269338253717762654559919610619544982910156250000000000, 0.472985125931807581789456662590964697301387786865234375000000,-0.324253423403808915814749980199849233031272888183593750000000, 1.901018730185429772561178651812952011823654174804687500000000, 2.617993877991493967272162990411743521690368652343750000000000
 0.008676307695555647223062400996695942012593150138854980468750,-0.931598838154198638505931739928200840950012207031250000000000, 0.164266010363243702974145321604737546294927597045898437500000,-0.324253423403808915814749980199849233031272888183593750000000, 1.901018730185429772561178651812952011823654174804687500000000, 2.967059728390360362482169875875115394592285156250000000000000
 0.008676307695555647223062400996695942012593150138854980468750,-0.931598838154198749528234202443854883313179016113281250000000,-0.164266010363243480929540396573429461568593978881835937500000,-0.324253423403808915814749980199849233031272888183593750000000, 1.901018730185429772561178651812952011823654174804687500000000, 3.316125578789225425424547211150638759136199951171875000000000
 0.008676307695555647223062400996695942012593150138854980468750,-0.819234269338253828784957022435264661908149719238281250000000,-0.472985125931807359744851737559656612575054168701171875000000,-0.324253423403808915814749980199849233031272888183593750000000, 1.901018730185429772561178651812952011823654174804687500000000, 3.665191429188091820634554096614010632038116455078125000000000
 0.008676307695555647223062400996695942012593150138854980468750,-0.608057957029986440034008410293608903884887695312500000000000,-0.724655254795981806914539902209071442484855651855468750000000,-0.324253423403808915814749980199849233031272888183593750000000, 1.901018730185429772561178651812952011823654174804687500000000, 4.014257279586957771755351132014766335487365722656250000000000
 0.008676307695555647223062400996695942012593150138854980468750,-0.323540881124212198471923329634591937065124511718750000000000,-0.888921265159225759688865764474030584096908569335937500000000,-0.324253423403808915814749980199849233031272888183593750000000, 1.901018730185429772561178651812952011823654174804687500000000, 4.363323129985824166965358017478138208389282226562500000000000
 0.008676307695555647223062400996695942012593150138854980468750,-0.000000000000000173771916155008635328226159677350524458252557,-0.945970251863614497445098550088005140423774719238281250000000,-0.324253423403808915814749980199849233031272888183593750000000, 1.901018730185429772561178651812952011823654174804687500000000, 4.712388980384689673996945202816277742385864257812500000000000
 0.008676307695555647223062400996695942012593150138854980468750, 0.323540881124212642561133179697208106517791748046875000000000,-0.888921265159225648666563301958376541733741760253906250000000,-0.324253423403808915814749980199849233031272888183593750000000, 1.901018730185429772561178651812952011823654174804687500000000, 5.061454830783556069206952088279649615287780761718750000000000
 0.008676307695555647223062400996695942012593150138854980468750, 0.608057957029986217989403485262300819158554077148437500000000,-0.724655254795982028959144827240379527211189270019531250000000,-0.324253423403808915814749980199849233031272888183593750000000, 1.901018730185429772561178651812952011823654174804687500000000, 5.410520681182421576238539273617789149284362792968750000000000
 0.008676307695555647223062400996695942012593150138854980468750, 0.819234269338254050829561947466572746634483337402343750000000,-0.472985125931806915655641887497040443122386932373046875000000,-0.324253423403808915814749980199849233031272888183593750000000, 1.901018730185429772561178651812952011823654174804687500000000, 5.759586531581287971448546159081161022186279296875000000000000
 0.008676307695555647223062400996695942012593150138854980468750, 0.931598838154198638505931739928200840950012207031250000000000,-0.164266010363243813996447784120391588658094406127929687500000,-0.324253423403808915814749980199849233031272888183593750000000, 1.901018730185429772561178651812952011823654174804687500000000, 6.108652381980153478480133344419300556182861328125000000000000
 0.009173315416701672761479180451260617701336741447448730468750, 0.984807753012208020315654266596538946032524108886718750000000, 0.173648177666930331186634361984033603221178054809570312500000, 0.000000000000000000000000000000000000000000000000000000000000, 1.570796326794896557998981734272092580795288085937500000000000, 0.174532925199432947804822902071464341133832931518554687500000
 0.009173315416701672761479180451260617701336741447448730468750, 0.866025403784438707610604524234076961874961853027343750000000, 0.499999999999999944488848768742172978818416595458984375000000, 0.000000000000000000000000000000000000000000000000000000000000, 1.570796326794896557998981734272092580795288085937500000000000, 0.523598775598298815658893090585479512810707092285156250000000
 0.009173315416701672761479180451260617701336741447448730468750, 0.642787609686539362918722417816752567887306213378906250000000, 0.766044443118978013451680908474372699856758117675781250000000, 0.000000000000000000000000000000000000000000000000000000000000, 1.570796326794896557998981734272092580795288085937500000000000, 0.872664625997164766779690125986235216259956359863281250000000
 0.009173315416701672761479180451260617701336741447448730468750, 0.342020143325668823930385542553267441689968109130859375000000, 0.939692620785908316882739654829492792487144470214843750000000, 0.000000000000000000000000000000000000000000000000000000000000, 1.570796326794896557998981734272092580795288085937500000000000, 1.221730476396030606878184698871336877346038818359375000000000
 0.009173315416701672761479180451260617701336741447448730468750, 0.000000000000000061232339957367660358688201472919830231284606, 1.000000000000000000000000000000000000000000000000000000000000, 0.000000000000000000000000000000000000000000000000000000000000, 1.570796326794896557998981734272092580795288085937500000000000, 1.570796326794896557998981734272092580795288085937500000000000
 0.009173315416701672761479180451260617701336741447448730468750,-0.342020143325668490863478155006305314600467681884765625000000, 0.939692620785908427905042117345146834850311279296875000000000, 0.000000000000000000000000000000000000000000000000000000000000, 1.570796326794896557998981734272092580795288085937500000000000, 1.919862177193762287075173844641540199518203735351562500000000
 0.009173315416701672761479180451260617701336741447448730468750,-0.642787609686539362918722417816752567887306213378906250000000, 0.766044443118978013451680908474372699856758117675781250000000, 0.000000000000000000000000000000000000000000000000000000000000, 1.570796326794896557998981734272092580795288085937500000000000, 2.268928027592628460240575805073603987693786621093750000000000
 0.009173315416701672761479180451260617701336741447448730468750,-0.866025403784438485565999599202768877148628234863281250000000, 0.500000000000000333066907387546962127089500427246093750000000, 0.000000000000000000000000000000000000000000000000000000000000, 1.570796326794896557998981734272092580795288085937500000000000, 2.617993877991493967272162990411743521690368652343750000000000
 0.009173315416701672761479180451260617701336741447448730468750,-0.984807753012208020315654266596538946032524108886718750000000, 0.173648177666930275675483130726206582039594650268554687500000, 0.000000000000000000000000000000000000000000000000000000000000, 1.570796326794896557998981734272092580795288085937500000000000, 2.967059728390360362482169875875115394592285156250000000000000
 0.009173315416701672761479180451260617701336741447448730468750,-0.984807753012208131337956729112192988395690917968750000000000,-0.173648177666930025875302590065984986722469329833984375000000, 0.000000000000000000000000000000000000000000000000000000000000, 1.570796326794896557998981734272092580795288085937500000000000, 3.316125578789225425424547211150638759136199951171875000000000
 0.009173315416701672761479180451260617701336741447448730468750,-0.866025403784438596588302061718422919511795043945312500000000,-0.500000000000000111022302462515654042363166809082031250000000, 0.000000000000000000000000000000000000000000000000000000000000, 1.570796326794896557998981734272092580795288085937500000000000, 3.665191429188091820634554096614010632038116455078125000000000
 0.009173315416701672761479180451260617701336741447448730468750,-0.642787609686539473941024880332406610250473022460937500000000,-0.766044443118977902429378445958718657493591308593750000000000, 0.000000000000000000000000000000000000000000000000000000000000, 1.570796326794896557998981734272092580795288085937500000000000, 4.014257279586957771755351132014766335487365722656250000000000
 0.009173315416701672761479180451260617701336741447448730468750,-0.342020143325668546374629386264132335782051086425781250000000,-0.939692620785908427905042117345146834850311279296875000000000, 0.000000000000000000000000000000000000000000000000000000000000, 1.570796326794896557998981734272092580795288085937500000000000, 4.363323129985824166965358017478138208389282226562500000000000
 0.009173315416701672761479180451260617701336741447448730468750,-0.000000000000000183697019872102968750112960340450031135594986,-1.000000000000000000000000000000000000000000000000000000000000, 0.000000000000000000000000000000000000000000000000000000000000, 1.570796326794896557998981734272092580795288085937500000000000, 4.712388980384689673996945202816277742385864257812500000000000
 0.009173315416701672761479180451260617701336741447448730468750, 0.342020143325668990463839236326748505234718322753906250000000,-0.939692620785908316882739654829492792487144470214843750000000, 0.000000000000000000000000000000000000000000000000000000000000, 1.570796326794896557998981734272092580795288085937500000000000, 5.061454830783556069206952088279649615287780761718750000000000
 0.009173315416701672761479180451260617701336741447448730468750, 0.642787609686539251896419955301098525524139404296875000000000,-0.766044443118978124473983370990026742219924926757812500000000, 0.000000000000000000000000000000000000000000000000000000000000, 1.570796326794896557998981734272092580795288085937500000000000, 5.410520681182421576238539273617789149284362792968750000000000
 0.009173315416701672761479180451260617701336741447448730468750, 0.866025403784438818632906986749731004238128662109375000000000,-0.499999999999999666933092612453037872910499572753906250000000, 0.000000000000000000000000000000000000000000000000000000000000, 1.570796326794896557998981734272092580795288085937500000000000, 5.759586531581287971448546159081161022186279296875000000000000
 0.009173315416701672761479180451260617701336741447448730468750, 0.984807753012208020315654266596538946032524108886718750000000,-0.173648177666930386697785593241860624402761459350585937500000, 0.000000000000000000000000000000000000000000000000000000000000, 1.570796326794896557998981734272092580795288085937500000000000, 6.108652381980153478480133344419300556182861328125000000000000
 0.008676307695555647223062400996695942012593150138854980468750, 0.931598838154198638505931739928200840950012207031250000000000, 0.164266010363243758485296552862564567476511001586914062500000, 0.324253423403808915814749980199849233031272888183593750000000, 1.240573923404363343436784816731233149766921997070312500000000, 0.174532925199432947804822902071464341133832931518554687500000
 0.008676307695555647223062400996695942012593150138854980468750, 0.819234269338253939807259484950918704271316528320312500000000, 0.472985125931807193211398043786175549030303955078125000000000, 0.324253423403808915814749980199849233031272888183593750000000, 1.240573923404363343436784816731233149766921997070312500000000, 0.523598775598298815658893090585479512810707092285156250000000
 0.008676307695555647223062400996695942012593150138854980468750, 0.608057957029986329011705947777954861521720886230468750000000, 0.724655254795981917936842364724725484848022460937500000000000, 0.324253423403808915814749980199849233031272888183593750000000, 1.240573923404363343436784816731233149766921997070312500000000, 0.872664625997164766779690125986235216259956359863281250000000
 0.008676307695555647223062400996695942012593150138854980468750, 0.323540881124212476027679485923727042973041534423828125000000, 0.888921265159225648666563301958376541733741760253906250000000, 0.324253423403808915814749980199849233031272888183593750000000, 1.240573923404363343436784816731233149766921997070312500000000, 1.221730476396030606878184698871336877346038818359375000000000
 0.008676307695555647223062400996695942012593150138854980468750, 0.000000000000000057923972051669553326709815944656481191590074, 0.945970251863614497445098550088005140423774719238281250000000, 0.324253423403808915814749980199849233031272888183593750000000, 1.240573923404363343436784816731233149766921997070312500000000, 1.570796326794896557998981734272092580795288085937500000000000
 0.008676307695555647223062400996695942012593150138854980468750,-0.323540881124212142960772098376764915883541107177734375000000, 0.888921265159225759688865764474030584096908569335937500000000, 0.324253423403808915814749980199849233031272888183593750000000, 1.240573923404363343436784816731233149766921997070312500000000, 1.919862177193762287075173844641540199518203735351562500000000
 0.008676307695555647223062400996695942012593150138854980468750,-0.608057957029986329011705947777954861521720886230468750000000, 0.724655254795981917936842364724725484848022460937500000000000, 0.324253423403808915814749980199849233031272888183593750000000, 1.240573923404363343436784816731233149766921997070312500000000, 2.268928027592628460240575805073603987693786621093750000000000
 0.008676307695555647223062400996695942012593150138854980468750,-0.819234269338253717762654559919610619544982910156250000000000, 0.472985125931807581789456662590964697301387786865234375000000, 0.324253423403808915814749980199849233031272888183593750000000, 1.240573923404363343436784816731233149766921997070312500000000, 2.617993877991493967272162990411743521690368652343750000000000
 0.008676307695555647223062400996695942012593150138854980468750,-0.931598838154198638505931739928200840950012207031250000000000, 0.164266010363243702974145321604737546294927597045898437500000, 0.324253423403808915814749980199849233031272888183593750000000, 1.240573923404363343436784816731233149766921997070312500000000, 2.967059728390360362482169875875115394592285156250000000000000
 0.008676307695555647223062400996695942012593150138854980468750,-0.931598838154198749528234202443854883313179016113281250000000,-0.164266010363243480929540396573429461568593978881835937500000, 0.324253423403808915814749980199849233031272888183593750000000, 1.240573923404363343436784816731233149766921997070312500000000, 3.316125578789225425424547211150638759136199951171875000000000
 0.008676307695555647223062400996695942012593150138854980468750,-0.819234269338253828784957022435264661908149719238281250000000,-0.472985125931807359744851737559656612575054168701171875000000, 0.324253423403808915814749980199849233031272888183593750000000, 1.240573923404363343436784816731233149766921997070312500000000, 3.665191429188091820634554096614010632038116455078125000000000
 0.008676307695555647223062400996695942012593150138854980468750,-0.608057957029986440034008410293608903884887695312500000000000,-0.724655254795981806914539902209071442484855651855468750000000, 0.324253423403808915814749980199849233031272888183593750000000, 1.240573923404363343436784816731233149766921997070312500000000, 4.014257279586957771755351132014766335487365722656250000000000
 0.008676307695555647223062400996695942012593150138854980468750,-0.323540881124212198471923329634591937065124511718750000000000,-0.888921265159225759688865764474030584096908569335937500000000, 0.324253423403808915814749980199849233031272888183593750000000, 1.240573923404363343436784816731233149766921997070312500000000, 4.363323129985824166965358017478138208389282226562500000000000
 0.008676307695555647223062400996695942012593150138854980468750,-0.000000000000000173771916155008635328226159677350524458252557,-0.945970251863614497445098550088005140423774719238281250000000, 0.324253423403808915814749980199849233031272888183593750000000, 1.240573923404363343436784816731233149766921997070312500000000, 4.712388980384689673996945202816277742385864257812500000000000
 0.008676307695555647223062400996695942012593150138854980468750, 0.323540881124212642561133179697208106517791748046875000000000,-0.888921265159225648666563301958376541733741760253906250000000, 0.324253423403808915814749980199849233031272888183593750000000, 1.240573923404363343436784816731233149766921997070312500000000, 5.061454830783556069206952088279649615287780761718750000000000
 0.008676307695555647223062400996695942012593150138854980468750, 0.608057957029986217989403485262300819158554077148437500000000,-0.724655254795982028959144827240379527211189270019531250000000, 0.324253423403808915814749980199849233031272888183593750000000, 1.240573923404363343436784816731233149766921997070312500000000, 5.410520681182421576238539273617789149284362792968750000000000
 0.008676307695555647223062400996695942012593150138854980468750, 0.819234269338254050829561947466572746634483337402343750000000,-0.472985125931806915655641887497040443122386932373046875000000, 0.324253423403808915814749980199849233031272888183593750000000, 1.240573923404363343436784816731233149766921997070312500000000, 5.759586531581287971448546159081161022186279296875000000000000
 0.008676307695555647223062400996695942012593150138854980468750, 0.931598838154198638505931739928200840950012207031250000000000,-0.164266010363243813996447784120391588658094406127929687500000, 0.324253423403808915814749980199849233031272888183593750000000, 1.240573923404363343436784816731233149766921997070312500000000, 6.108652381980153478480133344419300556182861328125000000000000
 0.007239186011192668204761169192806846695020794868469238281250, 0.777795830003711108346919900213833898305892944335937500000000, 0.137146390312188865001630233564355876296758651733398437500000, 0.613371432700590357711689648567698895931243896484375000000000, 0.910474029226147396620660856569884344935417175292968750000000, 0.174532925199432947804822902071464341133832931518554687500000
 0.007239186011192668204761169192806846695020794868469238281250, 0.683982173861365283507041112898150458931922912597656250000000, 0.394897292199764604614387053516111336648464202880859375000000, 0.613371432700590357711689648567698895931243896484375000000000, 0.910474029226147396620660856569884344935417175292968750000000, 0.523598775598298815658893090585479512810707092285156250000000
 0.007239186011192668204761169192806846695020794868469238281250, 0.507670173049547202026587910950183868408203125000000000000000, 0.605017752584722123820881733990972861647605895996093750000000, 0.613371432700590357711689648567698895931243896484375000000000, 0.910474029226147396620660856569884344935417175292968750000000, 0.872664625997164766779690125986235216259956359863281250000000
 0.007239186011192668204761169192806846695020794868469238281250, 0.270125656954164072853785683037131093442440032958984375000000, 0.742164142896911016578087583184242248535156250000000000000000, 0.613371432700590357711689648567698895931243896484375000000000, 0.910474029226147396620660856569884344935417175292968750000000, 1.221730476396030606878184698871336877346038818359375000000000
 0.007239186011192668204761169192806846695020794868469238281250, 0.000000000000000048360970488439884351511085714977865786938961, 0.789794584399529320251076569547876715660095214843750000000000, 0.613371432700590357711689648567698895931243896484375000000000, 0.910474029226147396620660856569884344935417175292968750000000, 1.570796326794896557998981734272092580795288085937500000000000
 0.007239186011192668204761169192806846695020794868469238281250,-0.270125656954163795298029526747995987534523010253906250000000, 0.742164142896911016578087583184242248535156250000000000000000, 0.613371432700590357711689648567698895931243896484375000000000, 0.910474029226147396620660856569884344935417175292968750000000, 1.919862177193762287075173844641540199518203735351562500000000
 0.007239186011192668204761169192806846695020794868469238281250,-0.507670173049547202026587910950183868408203125000000000000000, 0.605017752584722123820881733990972861647605895996093750000000, 0.613371432700590357711689648567698895931243896484375000000000, 0.910474029226147396620660856569884344935417175292968750000000, 2.268928027592628460240575805073603987693786621093750000000000
 0.007239186011192668204761169192806846695020794868469238281250,-0.683982173861365172484738650382496416568756103515625000000000, 0.394897292199764937681294441063073463737964630126953125000000, 0.613371432700590357711689648567698895931243896484375000000000, 0.910474029226147396620660856569884344935417175292968750000000, 2.617993877991493967272162990411743521690368652343750000000000
 0.007239186011192668204761169192806846695020794868469238281250,-0.777795830003711108346919900213833898305892944335937500000000, 0.137146390312188837246054617935442365705966949462890625000000, 0.613371432700590357711689648567698895931243896484375000000000, 0.910474029226147396620660856569884344935417175292968750000000, 2.967059728390360362482169875875115394592285156250000000000000
 0.007239186011192668204761169192806846695020794868469238281250,-0.777795830003711219369222362729487940669059753417968750000000,-0.137146390312188615201449692904134280979633331298828125000000, 0.613371432700590357711689648567698895931243896484375000000000, 0.910474029226147396620660856569884344935417175292968750000000, 3.316125578789225425424547211150638759136199951171875000000000
 0.007239186011192668204761169192806846695020794868469238281250,-0.683982173861365283507041112898150458931922912597656250000000,-0.394897292199764771147840747289592400193214416503906250000000, 0.613371432700590357711689648567698895931243896484375000000000, 0.910474029226147396620660856569884344935417175292968750000000, 3.665191429188091820634554096614010632038116455078125000000000
 0.007239186011192668204761169192806846695020794868469238281250,-0.507670173049547313048890373465837910771369934082031250000000,-0.605017752584722012798579271475318819284439086914062500000000, 0.613371432700590357711689648567698895931243896484375000000000, 0.910474029226147396620660856569884344935417175292968750000000, 4.014257279586957771755351132014766335487365722656250000000000
 0.007239186011192668204761169192806846695020794868469238281250,-0.270125656954163850809180758005823008716106414794921875000000,-0.742164142896911016578087583184242248535156250000000000000000, 0.613371432700590357711689648567698895931243896484375000000000, 0.910474029226147396620660856569884344935417175292968750000000, 4.363323129985824166965358017478138208389282226562500000000000
 0.007239186011192668204761169192806846695020794868469238281250,-0.000000000000000145082911465319634565605791027469408023428633,-0.789794584399529320251076569547876715660095214843750000000000, 0.613371432700590357711689648567698895931243896484375000000000, 0.910474029226147396620660856569884344935417175292968750000000, 4.712388980384689673996945202816277742385864257812500000000000
 0.007239186011192668204761169192806846695020794868469238281250, 0.270125656954164183876088145552785135805606842041015625000000,-0.742164142896911016578087583184242248535156250000000000000000, 0.613371432700590357711689648567698895931243896484375000000000, 0.910474029226147396620660856569884344935417175292968750000000, 5.061454830783556069206952088279649615287780761718750000000000
 0.007239186011192668204761169192806846695020794868469238281250, 0.507670173049547091004285448434529826045036315917968750000000,-0.605017752584722234843184196506626904010772705078125000000000, 0.613371432700590357711689648567698895931243896484375000000000, 0.910474029226147396620660856569884344935417175292968750000000, 5.410520681182421576238539273617789149284362792968750000000000
 0.007239186011192668204761169192806846695020794868469238281250, 0.683982173861365394529343575413804501295089721679687500000000,-0.394897292199764382569782128484803251922130584716796875000000, 0.613371432700590357711689648567698895931243896484375000000000, 0.910474029226147396620660856569884344935417175292968750000000, 5.759586531581287971448546159081161022186279296875000000000000
 0.007239186011192668204761169192806846695020794868469238281250, 0.777795830003711108346919900213833898305892944335937500000000,-0.137146390312188920512781464822182897478342056274414062500000, 0.613371432700590357711689648567698895931243896484375000000000, 0.910474029226147396620660856569884344935417175292968750000000, 6.108652381980153478480133344419300556182861328125000000000000
 0.005018004463746038486260392375015726429410278797149658203125, 0.540346332820961561260730832145782187581062316894531250000000, 0.095277637403211476452291606165090342983603477478027343750000, 0.836031107326635769538825115887448191642761230468750000000000, 0.580786979506006550977303959371056407690048217773437500000000, 0.174532925199432947804822902071464341133832931518554687500000
 0.005018004463746038486260392375015726429410278797149658203125, 0.475172590420206597539021231568767689168453216552734375000000, 0.274341022990638006007202420732937753200531005859375000000000, 0.836031107326635769538825115887448191642761230468750000000000, 0.580786979506006550977303959371056407690048217773437500000000, 0.523598775598298815658893090585479512810707092285156250000000
 0.005018004463746038486260392375015726429410278797149658203125, 0.352686020814224343578047182745649479329586029052734375000000, 0.420314832363108181745303681964287534356117248535156250000000, 0.836031107326635769538825115887448191642761230468750000000000, 0.580786979506006550977303959371056407690048217773437500000000, 0.872664625997164766779690125986235216259956359863281250000000
 0.005018004463746038486260392375015726429410278797149658203125, 0.187660312006737273193834880657959729433059692382812500000000, 0.515592469766319561053080633428180590271949768066406250000000, 0.836031107326635769538825115887448191642761230468750000000000, 0.580786979506006439955001496855402365326881408691406250000000, 1.221730476396030606878184698871336877346038818359375000000000
 0.005018004463746038486260392375015726429410278797149658203125, 0.000000000000000033597085568029532413170549498497442843686405, 0.548682045981276123036707303981529548764228820800781250000000, 0.836031107326635769538825115887448191642761230468750000000000, 0.580786979506006550977303959371056407690048217773437500000000, 1.570796326794896557998981734272092580795288085937500000000000
 0.005018004463746038486260392375015726429410278797149658203125,-0.187660312006737078904805571255565155297517776489257812500000, 0.515592469766319672075383095943834632635116577148437500000000, 0.836031107326635769538825115887448191642761230468750000000000, 0.580786979506006550977303959371056407690048217773437500000000, 1.919862177193762287075173844641540199518203735351562500000000
 0.005018004463746038486260392375015726429410278797149658203125,-0.352686020814224343578047182745649479329586029052734375000000, 0.420314832363108181745303681964287534356117248535156250000000, 0.836031107326635769538825115887448191642761230468750000000000, 0.580786979506006550977303959371056407690048217773437500000000, 2.268928027592628460240575805073603987693786621093750000000000
 0.005018004463746038486260392375015726429410278797149658203125,-0.475172590420206486516718769053113646805286407470703125000000, 0.274341022990638228051807345764245837926864624023437500000000, 0.836031107326635769538825115887448191642761230468750000000000, 0.580786979506006550977303959371056407690048217773437500000000, 2.617993877991493967272162990411743521690368652343750000000000
 0.005018004463746038486260392375015726429410278797149658203125,-0.540346332820961561260730832145782187581062316894531250000000, 0.095277637403211448696715990536176832392811775207519531250000, 0.836031107326635769538825115887448191642761230468750000000000, 0.580786979506006550977303959371056407690048217773437500000000, 2.967059728390360362482169875875115394592285156250000000000000
 0.005018004463746038486260392375015726429410278797149658203125,-0.540346332820961561260730832145782187581062316894531250000000,-0.095277637403211309918837912391609279438853263854980468750000, 0.836031107326635769538825115887448191642761230468750000000000, 0.580786979506006550977303959371056407690048217773437500000000, 3.316125578789225425424547211150638759136199951171875000000000
 0.005018004463746038486260392375015726429410278797149658203125,-0.475172590420206542027870000310940667986869812011718750000000,-0.274341022990638117029504883248591795563697814941406250000000, 0.836031107326635769538825115887448191642761230468750000000000, 0.580786979506006550977303959371056407690048217773437500000000, 3.665191429188091820634554096614010632038116455078125000000000
 0.005018004463746038486260392375015726429410278797149658203125,-0.352686020814224399089198414003476500511169433593750000000000,-0.420314832363108070723001219448633491992950439453125000000000, 0.836031107326635769538825115887448191642761230468750000000000, 0.580786979506006550977303959371056407690048217773437500000000, 4.014257279586957771755351132014766335487365722656250000000000
 0.005018004463746038486260392375015726429410278797149658203125,-0.187660312006737106660381186884478665888309478759765625000000,-0.515592469766319672075383095943834632635116577148437500000000, 0.836031107326635769538825115887448191642761230468750000000000, 0.580786979506006550977303959371056407690048217773437500000000, 4.363323129985824166965358017478138208389282226562500000000000
 0.005018004463746038486260392375015726429410278797149658203125,-0.000000000000000100791256704088591076535826456337598751929800,-0.548682045981276123036707303981529548764228820800781250000000, 0.836031107326635769538825115887448191642761230468750000000000, 0.580786979506006550977303959371056407690048217773437500000000, 4.712388980384689673996945202816277742385864257812500000000000
 0.005018004463746038486260392375015726429410278797149658203125, 0.187660312006737356460561727544700261205434799194335937500000,-0.515592469766319561053080633428180590271949768066406250000000, 0.836031107326635769538825115887448191642761230468750000000000, 0.580786979506006550977303959371056407690048217773437500000000, 5.061454830783556069206952088279649615287780761718750000000000
 0.005018004463746038486260392375015726429410278797149658203125, 0.352686020814224288066895951487822458148002624511718750000000,-0.420314832363108237256454913222114555537700653076171875000000, 0.836031107326635769538825115887448191642761230468750000000000, 0.580786979506006550977303959371056407690048217773437500000000, 5.410520681182421576238539273617789149284362792968750000000000
 0.005018004463746038486260392375015726429410278797149658203125, 0.475172590420206708561323694084421731531620025634765625000000,-0.274341022990637894984899958217283710837364196777343750000000, 0.836031107326635769538825115887448191642761230468750000000000, 0.580786979506006550977303959371056407690048217773437500000000, 5.759586531581287971448546159081161022186279296875000000000000
 0.005018004463746038486260392375015726429410278797149658203125, 0.540346332820961561260730832145782187581062316894531250000000,-0.095277637403211504207867221794003853574395179748535156250000, 0.836031107326635769538825115887448191642761230468750000000000, 0.580786979506006550977303959371056407690048217773437500000000, 6.108652381980153478480133344419300556182861328125000000000000
 0.002257621898932634513235129247732402291148900985717773437500, 0.246528187116300090409026779525447636842727661132812500000000, 0.043469570893748685214141858068614965304732322692871093750000, 0.968160239507626085853075892373453825712203979492187500000000, 0.253022416611930700547361539065605029463768005371093750000000, 0.174532925199432947804822902071464341133832931518554687500000
 0.002257621898932634513235129247732402291148900985717773437500, 0.216793249381529634645104920309677254408597946166992187500000, 0.125165640888919765805198380803631152957677841186523437500000, 0.968160239507626085853075892373453825712203979492187500000000, 0.253022416611930700547361539065605029463768005371093750000000, 0.523598775598298704636590628069825470447540283203125000000000
 0.002257621898932634513235129247732402291148900985717773437500, 0.160909846243745047189577235258184373378753662109375000000000, 0.191764887344765100340993058125604875385761260986328125000000, 0.968160239507626085853075892373453825712203979492187500000000, 0.253022416611930700547361539065605029463768005371093750000000, 0.872664625997164766779690125986235216259956359863281250000000
 0.002257621898932634513235129247732402291148900985717773437500, 0.085618340872555084852812967710633529350161552429199218750000, 0.235234458238513771677347108379763085395097732543945312500000, 0.968160239507626085853075892373453825712203979492187500000000, 0.253022416611930700547361539065605029463768005371093750000000, 1.221730476396030606878184698871336877346038818359375000000000
 0.002257621898932634513235129247732402291148900985717773437500, 0.000000000000000015328370147784269877087001752009467193209212, 0.250331281777839587121547992865089327096939086914062500000000, 0.968160239507626085853075892373453825712203979492187500000000, 0.253022416611930700547361539065605029463768005371093750000000, 1.570796326794896557998981734272092580795288085937500000000000
 0.002257621898932634513235129247732402291148900985717773437500,-0.085618340872555001586086120823892997577786445617675781250000, 0.235234458238513799432922724008676595985889434814453125000000, 0.968160239507626085853075892373453825712203979492187500000000, 0.253022416611930700547361539065605029463768005371093750000000, 1.919862177193762287075173844641540199518203735351562500000000
 0.002257621898932634513235129247732402291148900985717773437500,-0.160909846243745047189577235258184373378753662109375000000000, 0.191764887344765100340993058125604875385761260986328125000000, 0.968160239507626085853075892373453825712203979492187500000000, 0.253022416611930700547361539065605029463768005371093750000000, 2.268928027592628460240575805073603987693786621093750000000000
 0.002257621898932634513235129247732402291148900985717773437500,-0.216793249381529579133953689051850233227014541625976562500000, 0.125165640888919876827500843319285195320844650268554687500000, 0.968160239507626085853075892373453825712203979492187500000000, 0.253022416611930700547361539065605029463768005371093750000000, 2.617993877991493967272162990411743521690368652343750000000000
 0.002257621898932634513235129247732402291148900985717773437500,-0.246528187116300090409026779525447636842727661132812500000000, 0.043469570893748671336354050254158210009336471557617187500000, 0.968160239507626085853075892373453825712203979492187500000000, 0.253022416611930700547361539065605029463768005371093750000000, 2.967059728390360362482169875875115394592285156250000000000000
 0.002257621898932634513235129247732402291148900985717773437500,-0.246528187116300118164602395154361147433519363403320312500000,-0.043469570893748608886308915089102811180055141448974609375000, 0.968160239507626085853075892373453825712203979492187500000000, 0.253022416611930700547361539065605029463768005371093750000000, 3.316125578789225425424547211150638759136199951171875000000000
 0.002257621898932634513235129247732402291148900985717773437500,-0.216793249381529606889529304680763743817806243896484375000000,-0.125165640888919821316349612061458174139261245727539062500000, 0.968160239507626085853075892373453825712203979492187500000000, 0.253022416611930700547361539065605029463768005371093750000000, 3.665191429188091820634554096614010632038116455078125000000000
 0.002257621898932634513235129247732402291148900985717773437500,-0.160909846243745074945152850887097883969545364379882812500000,-0.191764887344765072585417442496691364794969558715820312500000, 0.968160239507626085853075892373453825712203979492187500000000, 0.253022416611930700547361539065605029463768005371093750000000, 4.014257279586957771755351132014766335487365722656250000000000
 0.002257621898932634513235129247732402291148900985717773437500,-0.085618340872555015463873928638349752873182296752929687500000,-0.235234458238513799432922724008676595985889434814453125000000, 0.968160239507626085853075892373453825712203979492187500000000, 0.253022416611930700547361539065605029463768005371093750000000, 4.363323129985824166965358017478138208389282226562500000000000
 0.002257621898932634513235129247732402291148900985717773437500,-0.000000000000000045985110443352803468285183216873671800498220,-0.250331281777839587121547992865089327096939086914062500000000, 0.968160239507626085853075892373453825712203979492187500000000, 0.253022416611930700547361539065605029463768005371093750000000, 4.712388980384689673996945202816277742385864257812500000000000
 0.002257621898932634513235129247732402291148900985717773437500, 0.085618340872555126486176391154003795236349105834960937500000,-0.235234458238513771677347108379763085395097732543945312500000, 0.968160239507626085853075892373453825712203979492187500000000, 0.253022416611930700547361539065605029463768005371093750000000, 5.061454830783556069206952088279649615287780761718750000000000
 0.002257621898932634513235129247732402291148900985717773437500, 0.160909846243745019434001619629270862787961959838867187500000,-0.191764887344765128096568673754518385976552963256835937500000, 0.968160239507626085853075892373453825712203979492187500000000, 0.253022416611930700547361539065605029463768005371093750000000, 5.410520681182421576238539273617789149284362792968750000000000
 0.002257621898932634513235129247732402291148900985717773437500, 0.216793249381529662400680535938590764999389648437500000000000,-0.125165640888919710294047149545804131776094436645507812500000, 0.968160239507626085853075892373453825712203979492187500000000, 0.253022416611930700547361539065605029463768005371093750000000, 5.759586531581287971448546159081161022186279296875000000000000
 0.002257621898932634513235129247732402291148900985717773437500, 0.246528187116300090409026779525447636842727661132812500000000,-0.043469570893748699091929665883071720600128173828125000000000, 0.968160239507626085853075892373453825712203979492187500000000, 0.253022416611930700547361539065605029463768005371093750000000, 6.108652381980153478480133344419300556182861328125000000000000
 0.000000000000000000000000000000000000000000000000000000000000, 0.000000000000000000000000000000000000000000000000000000000000, 0.000000000000000000000000000000000000000000000000000000000000, 1.000000000000000000000000000000000000000000000000000000000000, 0.000000000000000000000000000000000000000000000000000000000000, 0.000000000000000000000000000000000000000000000000000000000000
 0.000000000000000000000000000000000000000000000000000000000000, 0.000000000000000000000000000000000000000000000000000000000000, 0.000000000000000000000000000000000000000000000000000000000000,-1.000000000000000000000000000000000000000000000000000000000000, 3.141592653589793115997963468544185161590576171875000000000000, 0.000000000000000000000000000000000000000000000000000000000000
