# count
20
# w,cx,cy,cz,theta,phi
 0.046296296296296286787441687238242593593895435333251953125000, 0.547722557505166074420799304789397865533828735351562500000000, 0.316227766016837830154173616392654366791248321533203125000000,-0.774596669241483404277914814883843064308166503906250000000000, 2.456873450587510276932334818411618471145629882812500000000000, 0.523598775598298815658893090585479512810707092285156250000000
 0.046296296296296286787441687238242593593895435333251953125000, 0.000000000000000038726732145403866984744328243625055507741663, 0.632455532033675771330649695300962775945663452148437500000000,-0.774596669241483404277914814883843064308166503906250000000000, 2.456873450587510276932334818411618471145629882812500000000000, 1.570796326794896557998981734272092580795288085937500000000000
 0.046296296296296286787441687238242593593895435333251953125000,-0.547722557505166074420799304789397865533828735351562500000000, 0.316227766016837830154173616392654366791248321533203125000000,-0.774596669241483404277914814883843064308166503906250000000000, 2.456873450587510276932334818411618471145629882812500000000000, 2.617993877991494411361372840474359691143035888671875000000000
 0.046296296296296286787441687238242593593895435333251953125000,-0.547722557505166185443101767305051907896995544433593750000000,-0.316227766016837719131871153877000324428081512451171875000000,-0.774596669241483404277914814883843064308166503906250000000000, 2.456873450587510276932334818411618471145629882812500000000000, 3.665191429188091376545344246551394462585449218750000000000000
 0.046296296296296286787441687238242593593895435333251953125000,-0.000000000000000116180196436211588628281340652565706964966156,-0.632455532033675771330649695300962775945663452148437500000000,-0.774596669241483404277914814883843064308166503906250000000000, 2.456873450587510276932334818411618471145629882812500000000000, 4.712388980384689673996945202816277742385864257812500000000000
 0.046296296296296286787441687238242593593895435333251953125000, 0.547722557505165852376194379758089780807495117187500000000000,-0.316227766016838163221081003939616493880748748779296875000000,-0.774596669241483404277914814883843064308166503906250000000000, 2.456873450587510276932334818411618471145629882812500000000000, 5.759586531581287083270126458955928683280944824218750000000000
 0.074074074074074042206561330203840043395757675170898437500000, 0.866025403784438707610604524234076961874961853027343750000000, 0.499999999999999944488848768742172978818416595458984375000000, 0.000000000000000000000000000000000000000000000000000000000000, 1.570796326794896557998981734272092580795288085937500000000000, 0.523598775598298815658893090585479512810707092285156250000000
 0.074074074074074042206561330203840043395757675170898437500000, 0.000000000000000061232339957367660358688201472919830231284606, 1.000000000000000000000000000000000000000000000000000000000000, 0.000000000000000000000000000000000000000000000000000000000000, 1.570796326794896557998981734272092580795288085937500000000000, 1.570796326794896557998981734272092580795288085937500000000000
 0.074074074074074042206561330203840043395757675170898437500000,-0.866025403784438707610604524234076961874961853027343750000000, 0.499999999999999944488848768742172978818416595458984375000000, 0.000000000000000000000000000000000000000000000000000000000000, 1.570796326794896557998981734272092580795288085937500000000000, 2.617993877991494411361372840474359691143035888671875000000000
 0.074074074074074042206561330203840043395757675170898437500000,-0.866025403784438818632906986749731004238128662109375000000000,-0.499999999999999722444243843710864894092082977294921875000000, 0.000000000000000000000000000000000000000000000000000000000000, 1.570796326794896557998981734272092580795288085937500000000000, 3.665191429188091376545344246551394462585449218750000000000000
 0.074074074074074042206561330203840043395757675170898437500000,-0.000000000000000183697019872102968750112960340450031135594986,-1.000000000000000000000000000000000000000000000000000000000000, 0.000000000000000000000000000000000000000000000000000000000000, 1.570796326794896557998981734272092580795288085937500000000000, 4.712388980384689673996945202816277742385864257812500000000000
 0.074074074074074042206561330203840043395757675170898437500000, 0.866025403784438374543697136687114834785461425781250000000000,-0.500000000000000444089209850062616169452667236328125000000000, 0.000000000000000000000000000000000000000000000000000000000000, 1.570796326794896557998981734272092580795288085937500000000000, 5.759586531581287083270126458955928683280944824218750000000000
 0.046296296296296286787441687238242593593895435333251953125000, 0.547722557505166074420799304789397865533828735351562500000000, 0.316227766016837830154173616392654366791248321533203125000000, 0.774596669241483404277914814883843064308166503906250000000000, 0.684719203002282839065628650132566690444946289062500000000000, 0.523598775598298815658893090585479512810707092285156250000000
 0.046296296296296286787441687238242593593895435333251953125000, 0.000000000000000038726732145403866984744328243625055507741663, 0.632455532033675771330649695300962775945663452148437500000000, 0.774596669241483404277914814883843064308166503906250000000000, 0.684719203002282839065628650132566690444946289062500000000000, 1.570796326794896557998981734272092580795288085937500000000000
 0.046296296296296286787441687238242593593895435333251953125000,-0.547722557505166074420799304789397865533828735351562500000000, 0.316227766016837830154173616392654366791248321533203125000000, 0.774596669241483404277914814883843064308166503906250000000000, 0.684719203002282839065628650132566690444946289062500000000000, 2.617993877991494411361372840474359691143035888671875000000000
 0.046296296296296286787441687238242593593895435333251953125000,-0.547722557505166185443101767305051907896995544433593750000000,-0.316227766016837719131871153877000324428081512451171875000000, 0.774596669241483404277914814883843064308166503906250000000000, 0.684719203002282839065628650132566690444946289062500000000000, 3.665191429188091376545344246551394462585449218750000000000000
 0.046296296296296286787441687238242593593895435333251953125000,-0.000000000000000116180196436211588628281340652565706964966156,-0.632455532033675771330649695300962775945663452148437500000000, 0.774596669241483404277914814883843064308166503906250000000000, 0.684719203002282839065628650132566690444946289062500000000000, 4.712388980384689673996945202816277742385864257812500000000000
 0.046296296296296286787441687238242593593895435333251953125000, 0.547722557505165852376194379758089780807495117187500000000000,-0.316227766016838163221081003939616493880748748779296875000000, 0.774596669241483404277914814883843064308166503906250000000000, 0.684719203002282839065628650132566690444946289062500000000000, 5.759586531581287083270126458955928683280944824218750000000000
 0.000000000000000000000000000000000000000000000000000000000000, 0.000000000000000000000000000000000000000000000000000000000000, 0.000000000000000000000000000000000000000000000000000000000000, 1.000000000000000000000000000000000000000000000000000000000000, 0.000000000000000000000000000000000000000000000000000000000000, 0.000000000000000000000000000000000000000000000000000000000000
 0.000000000000000000000000000000000000000000000000000000000000, 0.000000000000000000000000000000000000000000000000000000000000, 0.000000000000000000000000000000000000000000000000000000000000,-1.000000000000000000000000000000000000000000000000000000000000, 3.141592653589793115997963468544185161590576171875000000000000, 0.000000000000000000000000000000000000000000000000000000000000
