# count
100
# w,cx,cy,cz,theta,phi
 0.004624463077459669418933785323133633937686681747436523437500, 0.307054580190582793175479991987231187522411346435546875000000, 0.070083204210107524767536801846290472894906997680664062500000,-0.949107912342758486268223805382149294018745422363281250000000, 2.821187563299730971522194522549398243427276611328125000000000, 0.224399475256413793999854533467441797256469726562500000000000
 0.004624463077459669418933785323133633937686681747436523437500, 0.246238654806541085173776650663057807832956314086914062500000, 0.196368774522416772443378363277588505297899246215820312500000,-0.949107912342758486268223805382149294018745422363281250000000, 2.821187563299730971522194522549398243427276611328125000000000, 0.673198425769241381999563600402325391769409179687500000000000
 0.004624463077459669418933785323133633937686681747436523437500, 0.136652143919145041550677888153586536645889282226562500000000, 0.283761100735586968557555564984795637428760528564453125000000,-0.949107912342758486268223805382149294018745422363281250000000, 2.821187563299730971522194522549398243427276611328125000000000, 1.121997376282068969999272667337208986282348632812500000000000
 0.004624463077459669418933785323133633937686681747436523437500, 0.000000000000000019285190427689871374800272993711497270065036, 0.314951060846555441763428007106995210051536560058593750000000,-0.949107912342758486268223805382149294018745422363281250000000, 2.821187563299730971522194522549398243427276611328125000000000, 1.570796326794896557998981734272092580795288085937500000000000
 0.004624463077459669418933785323133633937686681747436523437500,-0.136652143919145013795102272524673026055097579956054687500000, 0.283761100735586968557555564984795637428760528564453125000000,-0.949107912342758486268223805382149294018745422363281250000000, 2.821187563299730971522194522549398243427276611328125000000000, 2.019595277307724145998690801206976175308227539062500000000000
 0.004624463077459669418933785323133633937686681747436523437500,-0.246238654806541001907049803776317276060581207275390625000000, 0.196368774522416911221256441422156058251857757568359375000000,-0.949107912342758486268223805382149294018745422363281250000000, 2.821187563299730971522194522549398243427276611328125000000000, 2.468394227820551289909190018079243600368499755859375000000000
 0.004624463077459669418933785323133633937686681747436523437500,-0.307054580190582848686631223245058208703994750976562500000000, 0.070083204210107427623022147145093185827136039733886718750000,-0.949107912342758486268223805382149294018745422363281250000000, 2.821187563299730971522194522549398243427276611328125000000000, 2.917193178333379766087318785139359533786773681640625000000000
 0.004624463077459669418933785323133633937686681747436523437500,-0.307054580190582848686631223245058208703994750976562500000000,-0.070083204210107344356295300258352654054760932922363281250000,-0.949107912342758486268223805382149294018745422363281250000000, 2.821187563299730971522194522549398243427276611328125000000000, 3.365992128846206021819398301886394619941711425781250000000000
 0.004624463077459669418933785323133633937686681747436523437500,-0.246238654806541029662625419405230786651372909545898437500000,-0.196368774522416883465680825793242547661066055297851562500000,-0.949107912342758486268223805382149294018745422363281250000000, 2.821187563299730971522194522549398243427276611328125000000000, 3.814791079359034942086736919009126722812652587890625000000000
 0.004624463077459669418933785323133633937686681747436523437500,-0.136652143919145097061829119411413557827472686767578125000000,-0.283761100735586968557555564984795637428760528564453125000000,-0.949107912342758486268223805382149294018745422363281250000000, 2.821187563299730971522194522549398243427276611328125000000000, 4.263590029871862085997236135881394147872924804687500000000000
 0.004624463077459669418933785323133633937686681747436523437500,-0.000000000000000057855571283069604879937085922402397141500983,-0.314951060846555441763428007106995210051536560058593750000000,-0.949107912342758486268223805382149294018745422363281250000000, 2.821187563299730971522194522549398243427276611328125000000000, 4.712388980384689673996945202816277742385864257812500000000000
 0.004624463077459669418933785323133633937686681747436523437500, 0.136652143919144986039526656895759515464305877685546875000000,-0.283761100735587024068706796242622658610343933105468750000000,-0.949107912342758486268223805382149294018745422363281250000000, 2.821187563299730971522194522549398243427276611328125000000000, 5.161187930897517261996654269751161336898803710937500000000000
 0.004624463077459669418933785323133633937686681747436523437500, 0.246238654806541057418201035034144297242164611816406250000000,-0.196368774522416827954529594535415526479482650756835937500000,-0.949107912342758486268223805382149294018745422363281250000000, 2.821187563299730971522194522549398243427276611328125000000000, 5.609986881410344849996363336686044931411743164062500000000000
 0.004624463077459669418933785323133633937686681747436523437500, 0.307054580190582737664328760729404166340827941894531250000000,-0.070083204210107594156475840918574249371886253356933593750000,-0.949107912342758486268223805382149294018745422363281250000000, 2.821187563299730971522194522549398243427276611328125000000000, 6.058785831923172437996072403620928525924682617187500000000000
 0.009989478267474174305595724376871658023446798324584960937500, 0.654097075919061965443290773691842332482337951660156250000000, 0.149293389196204384639088402764173224568367004394531250000000,-0.741531185599394460083999547350686043500900268554687500000000, 2.406146039266841007986386102857068181037902832031250000000000, 0.224399475256413821755430149096355307847261428833007812500000
 0.009989478267474174305595724376871658023446798324584960937500, 0.524545128059097920392161995550850406289100646972656250000000, 0.418310780895043365923413603013614192605018615722656250000000,-0.741531185599394460083999547350686043500900268554687500000000, 2.406146039266841007986386102857068181037902832031250000000000, 0.673198425769241381999563600402325391769409179687500000000000
 0.009989478267474174305595724376871658023446798324584960937500, 0.291100584463207967544917664781678467988967895507812500000000, 0.604476592192563999539345331868389621376991271972656250000000,-0.741531185599394460083999547350686043500900268554687500000000, 2.406146039266841007986386102857068181037902832031250000000000, 1.121997376282068969999272667337208986282348632812500000000000
 0.009989478267474174305595724376871658023446798324584960937500, 0.000000000000000041081903612917042293498456409975596615004653, 0.670918400987449814465435338206589221954345703125000000000000,-0.741531185599394460083999547350686043500900268554687500000000, 2.406146039266841007986386102857068181037902832031250000000000, 1.570796326794896557998981734272092580795288085937500000000000
 0.009989478267474174305595724376871658023446798324584960937500,-0.291100584463207912033766433523851446807384490966796875000000, 0.604476592192563999539345331868389621376991271972656250000000,-0.741531185599394460083999547350686043500900268554687500000000, 2.406146039266841007986386102857068181037902832031250000000000, 2.019595277307724145998690801206976175308227539062500000000000
 0.009989478267474174305595724376871658023446798324584960937500,-0.524545128059097698347557070519542321562767028808593750000000, 0.418310780895043698990320990560576319694519042968750000000000,-0.741531185599394460083999547350686043500900268554687500000000, 2.406146039266841007986386102857068181037902832031250000000000, 2.468394227820551289909190018079243600368499755859375000000000
 0.009989478267474174305595724376871658023446798324584960937500,-0.654097075919062076465593236207496374845504760742187500000000, 0.149293389196204162594483477732865139842033386230468750000000,-0.741531185599394460083999547350686043500900268554687500000000, 2.406146039266841007986386102857068181037902832031250000000000, 2.917193178333379766087318785139359533786773681640625000000000
 0.009989478267474174305595724376871658023446798324584960937500,-0.654097075919062076465593236207496374845504760742187500000000,-0.149293389196203996061029783959384076297283172607421875000000,-0.741531185599394460083999547350686043500900268554687500000000, 2.406146039266841007986386102857068181037902832031250000000000, 3.365992128846206021819398301886394619941711425781250000000000
 0.009989478267474174305595724376871658023446798324584960937500,-0.524545128059097809369859533035196363925933837890625000000000,-0.418310780895043587968018528044922277331352233886718750000000,-0.741531185599394460083999547350686043500900268554687500000000, 2.406146039266841007986386102857068181037902832031250000000000, 3.814791079359034942086736919009126722812652587890625000000000
 0.009989478267474174305595724376871658023446798324584960937500,-0.291100584463208023056068896039505489170551300048828125000000,-0.604476592192563888517042869352735579013824462890625000000000,-0.741531185599394460083999547350686043500900268554687500000000, 2.406146039266841007986386102857068181037902832031250000000000, 4.263590029871862085997236135881394147872924804687500000000000
 0.009989478267474174305595724376871658023446798324584960937500,-0.000000000000000123245710838751120717519547190772060065884543,-0.670918400987449814465435338206589221954345703125000000000000,-0.741531185599394460083999547350686043500900268554687500000000, 2.406146039266841007986386102857068181037902832031250000000000, 4.712388980384689673996945202816277742385864257812500000000000
 0.009989478267474174305595724376871658023446798324584960937500, 0.291100584463207801011463971008197404444217681884765625000000,-0.604476592192563999539345331868389621376991271972656250000000,-0.741531185599394460083999547350686043500900268554687500000000, 2.406146039266841007986386102857068181037902832031250000000000, 5.161187930897517261996654269751161336898803710937500000000000
 0.009989478267474174305595724376871658023446798324584960937500, 0.524545128059097920392161995550850406289100646972656250000000,-0.418310780895043532456867296787095256149768829345703125000000,-0.741531185599394460083999547350686043500900268554687500000000, 2.406146039266841007986386102857068181037902832031250000000000, 5.609986881410344849996363336686044931411743164062500000000000
 0.009989478267474174305595724376871658023446798324584960937500, 0.654097075919061965443290773691842332482337951660156250000000,-0.149293389196204551172542096537654288113117218017578125000000,-0.741531185599394460083999547350686043500900268554687500000000, 2.406146039266841007986386102857068181037902832031250000000000, 6.058785831923172437996072403620928525924682617187500000000000
 0.013636787518039948652326387446009903214871883392333984375000, 0.891027423901424087127054463053354993462562561035156250000000, 0.203371195008165944750899711834790650755167007446289062500000,-0.405845151377397184155881859624059870839118957519531250000000, 1.988699699867565895416987586941104382276535034179687500000000, 0.224399475256413793999854533467441797256469726562500000000000
 0.013636787518039948652326387446009903214871883392333984375000, 0.714548514863525774387653655139729380607604980468750000000000, 0.569833425669104665090003436489496380090713500976562500000000,-0.405845151377397184155881859624059870839118957519531250000000, 1.988699699867565895416987586941104382276535034179687500000000, 0.673198425769241381999563600402325391769409179687500000000000
 0.013636787518039948652326387446009903214871883392333984375000, 0.396544509094467534371375450064078904688358306884765625000000, 0.823433157827935247041750699281692504882812500000000000000000,-0.405845151377397184155881859624059870839118957519531250000000, 1.988699699867565895416987586941104382276535034179687500000000, 1.121997376282068969999272667337208986282348632812500000000000
 0.013636787518039948652326387446009903214871883392333984375000, 0.000000000000000055962798325846047627012879117961211722050420, 0.913941854333992886871840255480492487549781799316406250000000,-0.405845151377397184155881859624059870839118957519531250000000, 1.988699699867565895416987586941104382276535034179687500000000, 1.570796326794896557998981734272092580795288085937500000000000
 0.013636787518039948652326387446009903214871883392333984375000,-0.396544509094467423349072987548424862325191497802734375000000, 0.823433157827935247041750699281692504882812500000000000000000,-0.405845151377397184155881859624059870839118957519531250000000, 1.988699699867565895416987586941104382276535034179687500000000, 2.019595277307724145998690801206976175308227539062500000000000
 0.013636787518039948652326387446009903214871883392333984375000,-0.714548514863525552343048730108421295881271362304687500000000, 0.569833425669105109179213286552112549543380737304687500000000,-0.405845151377397184155881859624059870839118957519531250000000, 1.988699699867565895416987586941104382276535034179687500000000, 2.468394227820551289909190018079243600368499755859375000000000
 0.013636787518039948652326387446009903214871883392333984375000,-0.891027423901424198149356925569009035825729370117187500000000, 0.203371195008165667195143555545655544847249984741210937500000,-0.405845151377397184155881859624059870839118957519531250000000, 1.988699699867565895416987586941104382276535034179687500000000, 2.917193178333379766087318785139359533786773681640625000000000
 0.013636787518039948652326387446009903214871883392333984375000,-0.891027423901424198149356925569009035825729370117187500000000,-0.203371195008165445150538630514347460120916366577148437500000,-0.405845151377397184155881859624059870839118957519531250000000, 1.988699699867565895416987586941104382276535034179687500000000, 3.365992128846206021819398301886394619941711425781250000000000
 0.013636787518039948652326387446009903214871883392333984375000,-0.714548514863525552343048730108421295881271362304687500000000,-0.569833425669104998156910824036458507180213928222656250000000,-0.405845151377397184155881859624059870839118957519531250000000, 1.988699699867565895416987586941104382276535034179687500000000, 3.814791079359034942086736919009126722812652587890625000000000
 0.013636787518039948652326387446009903214871883392333984375000,-0.396544509094467645393677912579732947051525115966796875000000,-0.823433157827935136019448236766038462519645690917968750000000,-0.405845151377397184155881859624059870839118957519531250000000, 1.988699699867565895416987586941104382276535034179687500000000, 4.263590029871862085997236135881394147872924804687500000000000
 0.013636787518039948652326387446009903214871883392333984375000,-0.000000000000000167888394977538118229135349197264716049633596,-0.913941854333992886871840255480492487549781799316406250000000,-0.405845151377397184155881859624059870839118957519531250000000, 1.988699699867565895416987586941104382276535034179687500000000, 4.712388980384689673996945202816277742385864257812500000000000
 0.013636787518039948652326387446009903214871883392333984375000, 0.396544509094467312326770525032770819962024688720703125000000,-0.823433157827935358064053161797346547245979309082031250000000,-0.405845151377397184155881859624059870839118957519531250000000, 1.988699699867565895416987586941104382276535034179687500000000, 5.161187930897517261996654269751161336898803710937500000000000
 0.013636787518039948652326387446009903214871883392333984375000, 0.714548514863525663365351192624075338244438171386718750000000,-0.569833425669104887134608361520804464817047119140625000000000,-0.405845151377397184155881859624059870839118957519531250000000, 1.988699699867565895416987586941104382276535034179687500000000, 5.609986881410344849996363336686044931411743164062500000000000
 0.013636787518039948652326387446009903214871883392333984375000, 0.891027423901423976104752000537700951099395751953125000000000,-0.203371195008166166795504636866098735481500625610351562500000,-0.405845151377397184155881859624059870839118957519531250000000, 1.988699699867565895416987586941104382276535034179687500000000, 6.058785831923172437996072403620928525924682617187500000000000
 0.014927113702623900567956205520658841123804450035095214843750, 0.974927912181823619341969333618180826306343078613281250000000, 0.222520933956314392876407737276167608797550201416015625000000, 0.000000000000000000000000000000000000000000000000000000000000, 1.570796326794896557998981734272092580795288085937500000000000, 0.224399475256413793999854533467441797256469726562500000000000
 0.014927113702623900567956205520658841123804450035095214843750, 0.781831482468029803634124164091190323233604431152343750000000, 0.623489801858733483364005678595276549458503723144531250000000, 0.000000000000000000000000000000000000000000000000000000000000, 1.570796326794896557998981734272092580795288085937500000000000, 0.673198425769241381999563600402325391769409179687500000000000
 0.014927113702623900567956205520658841123804450035095214843750, 0.433883739117558175912847673316719010472297668457031250000000, 0.900968867902419145998749172576935961842536926269531250000000, 0.000000000000000000000000000000000000000000000000000000000000, 1.570796326794896557998981734272092580795288085937500000000000, 1.121997376282068969999272667337208986282348632812500000000000
 0.014927113702623900567956205520658841123804450035095214843750, 0.000000000000000061232339957367660358688201472919830231284606, 1.000000000000000000000000000000000000000000000000000000000000, 0.000000000000000000000000000000000000000000000000000000000000, 1.570796326794896557998981734272092580795288085937500000000000, 1.570796326794896557998981734272092580795288085937500000000000
 0.014927113702623900567956205520658841123804450035095214843750,-0.433883739117558064890545210801064968109130859375000000000000, 0.900968867902419145998749172576935961842536926269531250000000, 0.000000000000000000000000000000000000000000000000000000000000, 1.570796326794896557998981734272092580795288085937500000000000, 2.019595277307724145998690801206976175308227539062500000000000
 0.014927113702623900567956205520658841123804450035095214843750,-0.781831482468029470567216776544228196144104003906250000000000, 0.623489801858733927453215528657892718911170959472656250000000, 0.000000000000000000000000000000000000000000000000000000000000, 1.570796326794896557998981734272092580795288085937500000000000, 2.468394227820551289909190018079243600368499755859375000000000
 0.014927113702623900567956205520658841123804450035095214843750,-0.974927912181823730364271796133834868669509887695312500000000, 0.222520933956314087565075965358118992298841476440429687500000, 0.000000000000000000000000000000000000000000000000000000000000, 1.570796326794896557998981734272092580795288085937500000000000, 2.917193178333379766087318785139359533786773681640625000000000
 0.014927113702623900567956205520658841123804450035095214843750,-0.974927912181823730364271796133834868669509887695312500000000,-0.222520933956313837764895424697897396981716156005859375000000, 0.000000000000000000000000000000000000000000000000000000000000, 1.570796326794896557998981734272092580795288085937500000000000, 3.365992128846206021819398301886394619941711425781250000000000
 0.014927113702623900567956205520658841123804450035095214843750,-0.781831482468029581589519239059882238507270812988281250000000,-0.623489801858733816430913066142238676548004150390625000000000, 0.000000000000000000000000000000000000000000000000000000000000, 1.570796326794896557998981734272092580795288085937500000000000, 3.814791079359034942086736919009126722812652587890625000000000
 0.014927113702623900567956205520658841123804450035095214843750,-0.433883739117558286935150135832373052835464477539062500000000,-0.900968867902419034976446710061281919479370117187500000000000, 0.000000000000000000000000000000000000000000000000000000000000, 1.570796326794896557998981734272092580795288085937500000000000, 4.263590029871862085997236135881394147872924804687500000000000
 0.014927113702623900567956205520658841123804450035095214843750,-0.000000000000000183697019872102968750112960340450031135594986,-1.000000000000000000000000000000000000000000000000000000000000, 0.000000000000000000000000000000000000000000000000000000000000, 1.570796326794896557998981734272092580795288085937500000000000, 4.712388980384689673996945202816277742385864257812500000000000
 0.014927113702623900567956205520658841123804450035095214843750, 0.433883739117557953868242748285410925745964050292968750000000,-0.900968867902419257021051635092590004205703735351562500000000, 0.000000000000000000000000000000000000000000000000000000000000, 1.570796326794896557998981734272092580795288085937500000000000, 5.161187930897517261996654269751161336898803710937500000000000
 0.014927113702623900567956205520658841123804450035095214843750, 0.781831482468029692611821701575536280870437622070312500000000,-0.623489801858733705408610603626584634184837341308593750000000, 0.000000000000000000000000000000000000000000000000000000000000, 1.570796326794896557998981734272092580795288085937500000000000, 5.609986881410344849996363336686044931411743164062500000000000
 0.014927113702623900567956205520658841123804450035095214843750, 0.974927912181823508319666871102526783943176269531250000000000,-0.222520933956314642676588277936389204114675521850585937500000, 0.000000000000000000000000000000000000000000000000000000000000, 1.570796326794896557998981734272092580795288085937500000000000, 6.058785831923172437996072403620928525924682617187500000000000
 0.013636787518039948652326387446009903214871883392333984375000, 0.891027423901424087127054463053354993462562561035156250000000, 0.203371195008165944750899711834790650755167007446289062500000, 0.405845151377397184155881859624059870839118957519531250000000, 1.152892953722227220580975881603080779314041137695312500000000, 0.224399475256413793999854533467441797256469726562500000000000
 0.013636787518039948652326387446009903214871883392333984375000, 0.714548514863525774387653655139729380607604980468750000000000, 0.569833425669104665090003436489496380090713500976562500000000, 0.405845151377397184155881859624059870839118957519531250000000, 1.152892953722227220580975881603080779314041137695312500000000, 0.673198425769241381999563600402325391769409179687500000000000
 0.013636787518039948652326387446009903214871883392333984375000, 0.396544509094467534371375450064078904688358306884765625000000, 0.823433157827935247041750699281692504882812500000000000000000, 0.405845151377397184155881859624059870839118957519531250000000, 1.152892953722227220580975881603080779314041137695312500000000, 1.121997376282068969999272667337208986282348632812500000000000
 0.013636787518039948652326387446009903214871883392333984375000, 0.000000000000000055962798325846047627012879117961211722050420, 0.913941854333992886871840255480492487549781799316406250000000, 0.405845151377397184155881859624059870839118957519531250000000, 1.152892953722227220580975881603080779314041137695312500000000, 1.570796326794896557998981734272092580795288085937500000000000
 0.013636787518039948652326387446009903214871883392333984375000,-0.396544509094467423349072987548424862325191497802734375000000, 0.823433157827935247041750699281692504882812500000000000000000, 0.405845151377397184155881859624059870839118957519531250000000, 1.152892953722227220580975881603080779314041137695312500000000, 2.019595277307724145998690801206976175308227539062500000000000
 0.013636787518039948652326387446009903214871883392333984375000,-0.714548514863525552343048730108421295881271362304687500000000, 0.569833425669105109179213286552112549543380737304687500000000, 0.405845151377397184155881859624059870839118957519531250000000, 1.152892953722227220580975881603080779314041137695312500000000, 2.468394227820551289909190018079243600368499755859375000000000
 0.013636787518039948652326387446009903214871883392333984375000,-0.891027423901424198149356925569009035825729370117187500000000, 0.203371195008165667195143555545655544847249984741210937500000, 0.405845151377397184155881859624059870839118957519531250000000, 1.152892953722227220580975881603080779314041137695312500000000, 2.917193178333379766087318785139359533786773681640625000000000
 0.013636787518039948652326387446009903214871883392333984375000,-0.891027423901424198149356925569009035825729370117187500000000,-0.203371195008165445150538630514347460120916366577148437500000, 0.405845151377397184155881859624059870839118957519531250000000, 1.152892953722227220580975881603080779314041137695312500000000, 3.365992128846206021819398301886394619941711425781250000000000
 0.013636787518039948652326387446009903214871883392333984375000,-0.714548514863525552343048730108421295881271362304687500000000,-0.569833425669104998156910824036458507180213928222656250000000, 0.405845151377397184155881859624059870839118957519531250000000, 1.152892953722227220580975881603080779314041137695312500000000, 3.814791079359034942086736919009126722812652587890625000000000
 0.013636787518039948652326387446009903214871883392333984375000,-0.396544509094467645393677912579732947051525115966796875000000,-0.823433157827935136019448236766038462519645690917968750000000, 0.405845151377397184155881859624059870839118957519531250000000, 1.152892953722227220580975881603080779314041137695312500000000, 4.263590029871862085997236135881394147872924804687500000000000
 0.013636787518039948652326387446009903214871883392333984375000,-0.000000000000000167888394977538118229135349197264716049633596,-0.913941854333992886871840255480492487549781799316406250000000, 0.405845151377397184155881859624059870839118957519531250000000, 1.152892953722227220580975881603080779314041137695312500000000, 4.712388980384689673996945202816277742385864257812500000000000
 0.013636787518039948652326387446009903214871883392333984375000, 0.396544509094467312326770525032770819962024688720703125000000,-0.823433157827935358064053161797346547245979309082031250000000, 0.405845151377397184155881859624059870839118957519531250000000, 1.152892953722227220580975881603080779314041137695312500000000, 5.161187930897517261996654269751161336898803710937500000000000
 0.013636787518039948652326387446009903214871883392333984375000, 0.714548514863525663365351192624075338244438171386718750000000,-0.569833425669104887134608361520804464817047119140625000000000, 0.405845151377397184155881859624059870839118957519531250000000, 1.152892953722227220580975881603080779314041137695312500000000, 5.609986881410344849996363336686044931411743164062500000000000
 0.013636787518039948652326387446009903214871883392333984375000, 0.891027423901423976104752000537700951099395751953125000000000,-0.203371195008166166795504636866098735481500625610351562500000, 0.405845151377397184155881859624059870839118957519531250000000, 1.152892953722227220580975881603080779314041137695312500000000, 6.058785831923172437996072403620928525924682617187500000000000
 0.009989478267474174305595724376871658023446798324584960937500, 0.654097075919061965443290773691842332482337951660156250000000, 0.149293389196204384639088402764173224568367004394531250000000, 0.741531185599394460083999547350686043500900268554687500000000, 0.735446614322951996989274903171462938189506530761718750000000, 0.224399475256413821755430149096355307847261428833007812500000
 0.009989478267474174305595724376871658023446798324584960937500, 0.524545128059097920392161995550850406289100646972656250000000, 0.418310780895043365923413603013614192605018615722656250000000, 0.741531185599394460083999547350686043500900268554687500000000, 0.735446614322951996989274903171462938189506530761718750000000, 0.673198425769241381999563600402325391769409179687500000000000
 0.009989478267474174305595724376871658023446798324584960937500, 0.291100584463207967544917664781678467988967895507812500000000, 0.604476592192563999539345331868389621376991271972656250000000, 0.741531185599394460083999547350686043500900268554687500000000, 0.735446614322951996989274903171462938189506530761718750000000, 1.121997376282068969999272667337208986282348632812500000000000
 0.009989478267474174305595724376871658023446798324584960937500, 0.000000000000000041081903612917042293498456409975596615004653, 0.670918400987449814465435338206589221954345703125000000000000, 0.741531185599394460083999547350686043500900268554687500000000, 0.735446614322951996989274903171462938189506530761718750000000, 1.570796326794896557998981734272092580795288085937500000000000
 0.009989478267474174305595724376871658023446798324584960937500,-0.291100584463207912033766433523851446807384490966796875000000, 0.604476592192563999539345331868389621376991271972656250000000, 0.741531185599394460083999547350686043500900268554687500000000, 0.735446614322951996989274903171462938189506530761718750000000, 2.019595277307724145998690801206976175308227539062500000000000
 0.009989478267474174305595724376871658023446798324584960937500,-0.524545128059097698347557070519542321562767028808593750000000, 0.418310780895043698990320990560576319694519042968750000000000, 0.741531185599394460083999547350686043500900268554687500000000, 0.735446614322951996989274903171462938189506530761718750000000, 2.468394227820551289909190018079243600368499755859375000000000
 0.009989478267474174305595724376871658023446798324584960937500,-0.654097075919062076465593236207496374845504760742187500000000, 0.149293389196204162594483477732865139842033386230468750000000, 0.741531185599394460083999547350686043500900268554687500000000, 0.735446614322951996989274903171462938189506530761718750000000, 2.917193178333379766087318785139359533786773681640625000000000
 0.009989478267474174305595724376871658023446798324584960937500,-0.654097075919062076465593236207496374845504760742187500000000,-0.149293389196203996061029783959384076297283172607421875000000, 0.741531185599394460083999547350686043500900268554687500000000, 0.735446614322951996989274903171462938189506530761718750000000, 3.365992128846206021819398301886394619941711425781250000000000
 0.009989478267474174305595724376871658023446798324584960937500,-0.524545128059097809369859533035196363925933837890625000000000,-0.418310780895043587968018528044922277331352233886718750000000, 0.741531185599394460083999547350686043500900268554687500000000, 0.735446614322951996989274903171462938189506530761718750000000, 3.814791079359034942086736919009126722812652587890625000000000
 0.009989478267474174305595724376871658023446798324584960937500,-0.291100584463208023056068896039505489170551300048828125000000,-0.604476592192563888517042869352735579013824462890625000000000, 0.741531185599394460083999547350686043500900268554687500000000, 0.735446614322951996989274903171462938189506530761718750000000, 4.263590029871862085997236135881394147872924804687500000000000
 0.009989478267474174305595724376871658023446798324584960937500,-0.000000000000000123245710838751120717519547190772060065884543,-0.670918400987449814465435338206589221954345703125000000000000, 0.741531185599394460083999547350686043500900268554687500000000, 0.735446614322951996989274903171462938189506530761718750000000, 4.712388980384689673996945202816277742385864257812500000000000
 0.009989478267474174305595724376871658023446798324584960937500, 0.291100584463207801011463971008197404444217681884765625000000,-0.604476592192563999539345331868389621376991271972656250000000, 0.741531185599394460083999547350686043500900268554687500000000, 0.735446614322951996989274903171462938189506530761718750000000, 5.161187930897517261996654269751161336898803710937500000000000
 0.009989478267474174305595724376871658023446798324584960937500, 0.524545128059097920392161995550850406289100646972656250000000,-0.418310780895043532456867296787095256149768829345703125000000, 0.741531185599394460083999547350686043500900268554687500000000, 0.735446614322951996989274903171462938189506530761718750000000, 5.609986881410344849996363336686044931411743164062500000000000
 0.009989478267474174305595724376871658023446798324584960937500, 0.654097075919061965443290773691842332482337951660156250000000,-0.149293389196204551172542096537654288113117218017578125000000, 0.741531185599394460083999547350686043500900268554687500000000, 0.735446614322951996989274903171462938189506530761718750000000, 6.058785831923172437996072403620928525924682617187500000000000
 0.004624463077459669418933785323133633937686681747436523437500, 0.307054580190582793175479991987231187522411346435546875000000, 0.070083204210107524767536801846290472894906997680664062500000, 0.949107912342758486268223805382149294018745422363281250000000, 0.320405090290062088964617714736959896981716156005859375000000, 0.224399475256413793999854533467441797256469726562500000000000
 0.004624463077459669418933785323133633937686681747436523437500, 0.246238654806541085173776650663057807832956314086914062500000, 0.196368774522416772443378363277588505297899246215820312500000, 0.949107912342758486268223805382149294018745422363281250000000, 0.320405090290062088964617714736959896981716156005859375000000, 0.673198425769241381999563600402325391769409179687500000000000
 0.004624463077459669418933785323133633937686681747436523437500, 0.136652143919145041550677888153586536645889282226562500000000, 0.283761100735586968557555564984795637428760528564453125000000, 0.949107912342758486268223805382149294018745422363281250000000, 0.320405090290062088964617714736959896981716156005859375000000, 1.121997376282068969999272667337208986282348632812500000000000
 0.004624463077459669418933785323133633937686681747436523437500, 0.000000000000000019285190427689871374800272993711497270065036, 0.314951060846555441763428007106995210051536560058593750000000, 0.949107912342758486268223805382149294018745422363281250000000, 0.320405090290062088964617714736959896981716156005859375000000, 1.570796326794896557998981734272092580795288085937500000000000
 0.004624463077459669418933785323133633937686681747436523437500,-0.136652143919145013795102272524673026055097579956054687500000, 0.283761100735586968557555564984795637428760528564453125000000, 0.949107912342758486268223805382149294018745422363281250000000, 0.320405090290062088964617714736959896981716156005859375000000, 2.019595277307724145998690801206976175308227539062500000000000
 0.004624463077459669418933785323133633937686681747436523437500,-0.246238654806541001907049803776317276060581207275390625000000, 0.196368774522416911221256441422156058251857757568359375000000, 0.949107912342758486268223805382149294018745422363281250000000, 0.320405090290062088964617714736959896981716156005859375000000, 2.468394227820551289909190018079243600368499755859375000000000
 0.004624463077459669418933785323133633937686681747436523437500,-0.307054580190582848686631223245058208703994750976562500000000, 0.070083204210107427623022147145093185827136039733886718750000, 0.949107912342758486268223805382149294018745422363281250000000, 0.320405090290062088964617714736959896981716156005859375000000, 2.917193178333379766087318785139359533786773681640625000000000
 0.004624463077459669418933785323133633937686681747436523437500,-0.307054580190582848686631223245058208703994750976562500000000,-0.070083204210107344356295300258352654054760932922363281250000, 0.949107912342758486268223805382149294018745422363281250000000, 0.320405090290062088964617714736959896981716156005859375000000, 3.365992128846206021819398301886394619941711425781250000000000
 0.004624463077459669418933785323133633937686681747436523437500,-0.246238654806541029662625419405230786651372909545898437500000,-0.196368774522416883465680825793242547661066055297851562500000, 0.949107912342758486268223805382149294018745422363281250000000, 0.320405090290062088964617714736959896981716156005859375000000, 3.814791079359034942086736919009126722812652587890625000000000
 0.004624463077459669418933785323133633937686681747436523437500,-0.136652143919145097061829119411413557827472686767578125000000,-0.283761100735586968557555564984795637428760528564453125000000, 0.949107912342758486268223805382149294018745422363281250000000, 0.320405090290062088964617714736959896981716156005859375000000, 4.263590029871862085997236135881394147872924804687500000000000
 0.004624463077459669418933785323133633937686681747436523437500,-0.000000000000000057855571283069604879937085922402397141500983,-0.314951060846555441763428007106995210051536560058593750000000, 0.949107912342758486268223805382149294018745422363281250000000, 0.320405090290062088964617714736959896981716156005859375000000, 4.712388980384689673996945202816277742385864257812500000000000
 0.004624463077459669418933785323133633937686681747436523437500, 0.136652143919144986039526656895759515464305877685546875000000,-0.283761100735587024068706796242622658610343933105468750000000, 0.949107912342758486268223805382149294018745422363281250000000, 0.320405090290062088964617714736959896981716156005859375000000, 5.161187930897517261996654269751161336898803710937500000000000
 0.004624463077459669418933785323133633937686681747436523437500, 0.246238654806541057418201035034144297242164611816406250000000,-0.196368774522416827954529594535415526479482650756835937500000, 0.949107912342758486268223805382149294018745422363281250000000, 0.320405090290062088964617714736959896981716156005859375000000, 5.609986881410344849996363336686044931411743164062500000000000
 0.004624463077459669418933785323133633937686681747436523437500, 0.307054580190582737664328760729404166340827941894531250000000,-0.070083204210107594156475840918574249371886253356933593750000, 0.949107912342758486268223805382149294018745422363281250000000, 0.320405090290062088964617714736959896981716156005859375000000, 6.058785831923172437996072403620928525924682617187500000000000
 0.000000000000000000000000000000000000000000000000000000000000, 0.000000000000000000000000000000000000000000000000000000000000, 0.000000000000000000000000000000000000000000000000000000000000, 1.000000000000000000000000000000000000000000000000000000000000, 0.000000000000000000000000000000000000000000000000000000000000, 0.000000000000000000000000000000000000000000000000000000000000
 0.000000000000000000000000000000000000000000000000000000000000, 0.000000000000000000000000000000000000000000000000000000000000, 0.000000000000000000000000000000000000000000000000000000000000,-1.000000000000000000000000000000000000000000000000000000000000, 3.141592653589793115997963468544185161590576171875000000000000, 0.000000000000000000000000000000000000000000000000000000000000
